0	1.01
0.01	1.0199
0.02	1.0297
0.03	1.03938
0.04	1.04895
0.05	1.0584
0.06	1.06773
0.07	1.07693
0.08	1.08599
0.09	1.09492
0.1	1.10371
0.11	1.11236
0.12	1.12086
0.13	1.1292
0.14	1.13739
0.15	1.14542
0.16	1.15329
0.17	1.161
0.18	1.16854
0.19	1.17592
0.2	1.18312
0.21	1.19015
0.22	1.197
0.23	1.20368
0.24	1.21018
0.25	1.21651
0.26	1.22265
0.27	1.22861
0.28	1.23439
0.29	1.23999
0.3	1.24541
0.31	1.25064
0.32	1.2557
0.33	1.26057
0.34	1.26525
0.35	1.26976
0.36	1.27409
0.37	1.27824
0.38	1.2822
0.39	1.28599
0.4	1.28961
0.41	1.29304
0.42	1.2963
0.43	1.29939
0.44	1.30231
0.45	1.30506
0.46	1.30764
0.47	1.31005
0.48	1.3123
0.49	1.31438
0.5	1.3163
0.51	1.31807
0.52	1.31967
0.53	1.32112
0.54	1.32242
0.55	1.32356
0.56	1.32456
0.57	1.32541
0.58	1.32611
0.59	1.32667
0.6	1.32709
0.61	1.32737
0.62	1.32751
0.63	1.32752
0.64	1.3274
0.65	1.32714
0.66	1.32676
0.67	1.32624
0.68	1.32561
0.69	1.32485
0.7	1.32397
0.71	1.32297
0.72	1.32185
0.73	1.32062
0.74	1.31927
0.75	1.31782
0.76	1.31625
0.77	1.31457
0.78	1.31279
0.79	1.3109
0.8	1.3089
0.81	1.30681
0.82	1.30461
0.83	1.30231
0.84	1.29992
0.85	1.29743
0.86	1.29484
0.87	1.29216
0.88	1.28938
0.89	1.28651
0.9	1.28356
0.91	1.28051
0.92	1.27737
0.93	1.27415
0.94	1.27084
0.95	1.26744
0.96	1.26395
0.97	1.26039
0.98	1.25674
0.99	1.253
1	1.24918
1.01	1.24529
1.02	1.24131
1.03	1.23725
1.04	1.2331
1.05	1.22888
1.06	1.22458
1.07	1.22021
1.08	1.21575
1.09	1.21121
1.1	1.2066
1.11	1.20191
1.12	1.19714
1.13	1.19229
1.14	1.18736
1.15	1.18236
1.16	1.17728
1.17	1.17212
1.18	1.16688
1.19	1.16157
1.2	1.15617
1.21	1.1507
1.22	1.14515
1.23	1.13952
1.24	1.13381
1.25	1.12803
1.26	1.12216
1.27	1.11621
1.28	1.11018
1.29	1.10406
1.3	1.09787
1.31	1.09159
1.32	1.08522
1.33	1.07878
1.34	1.07224
1.35	1.06562
1.36	1.05892
1.37	1.05212
1.38	1.04523
1.39	1.03826
1.4	1.03119
1.41	1.02403
1.42	1.01678
1.43	1.00943
1.44	1.00198
1.45	0.994438
1.46	0.986794
1.47	0.979049
1.48	0.971202
1.49	0.96325
1.5	0.955191
1.51	0.947025
1.52	0.938749
1.53	0.930361
1.54	0.92186
1.55	0.913242
1.56	0.904506
1.57	0.895651
1.58	0.886672
1.59	0.877568
1.6	0.868337
1.61	0.858976
1.62	0.849481
1.63	0.839851
1.64	0.830083
1.65	0.820173
1.66	0.810118
1.67	0.799915
1.68	0.789561
1.69	0.779053
1.7	0.768387
1.71	0.757558
1.72	0.746565
1.73	0.735401
1.74	0.724065
1.75	0.71255
1.76	0.700854
1.77	0.688972
1.78	0.676898
1.79	0.664628
1.8	0.652158
1.81	0.639483
1.82	0.626596
1.83	0.613493
1.84	0.600168
1.85	0.586616
1.86	0.57283
1.87	0.558805
1.88	0.544534
1.89	0.530011
1.9	0.515229
1.91	0.500181
1.92	0.484861
1.93	0.469261
1.94	0.453374
1.95	0.437192
1.96	0.420708
1.97	0.403913
1.98	0.3868
1.99	0.36936
2	0.351585
2.01	0.333466
2.02	0.314994
2.03	0.29616
2.04	0.276956
2.05	0.257372
2.06	0.237398
2.07	0.217025
2.08	0.196245
2.09	0.175046
2.1	0.15342
2.11	0.131358
2.12	0.108849
2.13	0.0858848
2.14	0.0624558
2.15	0.0385531
2.16	0.014168
2.17	-0.010708
2.18	-0.0360828
2.19	-0.0619639
2.2	-0.0883585
2.21	-0.115273
2.22	-0.142712
2.23	-0.170681
2.24	-0.199185
2.25	-0.228224
2.26	-0.257801
2.27	-0.287917
2.28	-0.318568
2.29	-0.349754
2.3	-0.381467
2.31	-0.413703
2.32	-0.446451
2.33	-0.479701
2.34	-0.513438
2.35	-0.547647
2.36	-0.582308
2.37	-0.6174
2.38	-0.652898
2.39	-0.688773
2.4	-0.724995
2.41	-0.761528
2.42	-0.798336
2.43	-0.835377
2.44	-0.872606
2.45	-0.909977
2.46	-0.947439
2.47	-0.984939
2.48	-1.02242
2.49	-1.05983
2.5	-1.0971
2.51	-1.13417
2.52	-1.17098
2.53	-1.20747
2.54	-1.24356
2.55	-1.27921
2.56	-1.31435
2.57	-1.3489
2.58	-1.38283
2.59	-1.41606
2.6	-1.44855
2.61	-1.48024
2.62	-1.5111
2.63	-1.54107
2.64	-1.57012
2.65	-1.59821
2.66	-1.62533
2.67	-1.65144
2.68	-1.67654
2.69	-1.7006
2.7	-1.72362
2.71	-1.7456
2.72	-1.76654
2.73	-1.78645
2.74	-1.80534
2.75	-1.82323
2.76	-1.84012
2.77	-1.85605
2.78	-1.87103
2.79	-1.88509
2.8	-1.89827
2.81	-1.91058
2.82	-1.92206
2.83	-1.93274
2.84	-1.94266
2.85	-1.95183
2.86	-1.96031
2.87	-1.96811
2.88	-1.97528
2.89	-1.98183
2.9	-1.98781
2.91	-1.99324
2.92	-1.99815
2.93	-2.00257
2.94	-2.00652
2.95	-2.01004
2.96	-2.01314
2.97	-2.01585
2.98	-2.0182
2.99	-2.0202
3	-2.02188
3.01	-2.02325
3.02	-2.02433
3.03	-2.02514
3.04	-2.02571
3.05	-2.02603
3.06	-2.02613
3.07	-2.02602
3.08	-2.02572
3.09	-2.02523
3.1	-2.02457
3.11	-2.02375
3.12	-2.02278
3.13	-2.02167
3.14	-2.02042
3.15	-2.01904
3.16	-2.01755
3.17	-2.01595
3.18	-2.01425
3.19	-2.01245
3.2	-2.01055
3.21	-2.00858
3.22	-2.00652
3.23	-2.00438
3.24	-2.00217
3.25	-1.9999
3.26	-1.99756
3.27	-1.99517
3.28	-1.99271
3.29	-1.99021
3.3	-1.98765
3.31	-1.98504
3.32	-1.9824
3.33	-1.9797
3.34	-1.97697
3.35	-1.9742
3.36	-1.97139
3.37	-1.96855
3.38	-1.96567
3.39	-1.96277
3.4	-1.95983
3.41	-1.95686
3.42	-1.95387
3.43	-1.95085
3.44	-1.94781
3.45	-1.94474
3.46	-1.94164
3.47	-1.93853
3.48	-1.93539
3.49	-1.93224
3.5	-1.92906
3.51	-1.92586
3.52	-1.92265
3.53	-1.91941
3.54	-1.91616
3.55	-1.91289
3.56	-1.9096
3.57	-1.9063
3.58	-1.90298
3.59	-1.89965
3.6	-1.8963
3.61	-1.89293
3.62	-1.88955
3.63	-1.88616
3.64	-1.88275
3.65	-1.87932
3.66	-1.87589
3.67	-1.87244
3.68	-1.86897
3.69	-1.86549
3.7	-1.862
3.71	-1.85849
3.72	-1.85498
3.73	-1.85144
3.74	-1.8479
3.75	-1.84434
3.76	-1.84077
3.77	-1.83719
3.78	-1.83359
3.79	-1.82998
3.8	-1.82636
3.81	-1.82272
3.82	-1.81907
3.83	-1.81541
3.84	-1.81174
3.85	-1.80805
3.86	-1.80435
3.87	-1.80064
3.88	-1.79692
3.89	-1.79318
3.9	-1.78943
3.91	-1.78566
3.92	-1.78188
3.93	-1.77809
3.94	-1.77429
3.95	-1.77047
3.96	-1.76664
3.97	-1.7628
3.98	-1.75894
3.99	-1.75507
4	-1.75118
4.01	-1.74728
4.02	-1.74337
4.03	-1.73944
4.04	-1.7355
4.05	-1.73154
4.06	-1.72757
4.07	-1.72359
4.08	-1.71959
4.09	-1.71558
4.1	-1.71155
4.11	-1.7075
4.12	-1.70344
4.13	-1.69937
4.14	-1.69528
4.15	-1.69118
4.16	-1.68705
4.17	-1.68292
4.18	-1.67877
4.19	-1.6746
4.2	-1.67041
4.21	-1.66621
4.22	-1.66199
4.23	-1.65776
4.24	-1.65351
4.25	-1.64924
4.26	-1.64495
4.27	-1.64065
4.28	-1.63633
4.29	-1.63199
4.3	-1.62763
4.31	-1.62326
4.32	-1.61886
4.33	-1.61445
4.34	-1.61002
4.35	-1.60557
4.36	-1.6011
4.37	-1.59661
4.38	-1.5921
4.39	-1.58757
4.4	-1.58302
4.41	-1.57845
4.42	-1.57386
4.43	-1.56925
4.44	-1.56462
4.45	-1.55996
4.46	-1.55529
4.47	-1.55059
4.48	-1.54587
4.49	-1.54113
4.5	-1.53636
4.51	-1.53158
4.52	-1.52677
4.53	-1.52193
4.54	-1.51707
4.55	-1.51219
4.56	-1.50728
4.57	-1.50235
4.58	-1.49739
4.59	-1.49241
4.6	-1.4874
4.61	-1.48236
4.62	-1.4773
4.63	-1.47221
4.64	-1.46709
4.65	-1.46195
4.66	-1.45677
4.67	-1.45157
4.68	-1.44634
4.69	-1.44108
4.7	-1.43579
4.71	-1.43048
4.72	-1.42512
4.73	-1.41974
4.74	-1.41433
4.75	-1.40889
4.76	-1.40341
4.77	-1.3979
4.78	-1.39235
4.79	-1.38678
4.8	-1.38116
4.81	-1.37552
4.82	-1.36983
4.83	-1.36411
4.84	-1.35836
4.85	-1.35257
4.86	-1.34673
4.87	-1.34087
4.88	-1.33496
4.89	-1.32901
4.9	-1.32302
4.91	-1.31699
4.92	-1.31092
4.93	-1.3048
4.94	-1.29864
4.95	-1.29244
4.96	-1.2862
4.97	-1.2799
4.98	-1.27357
4.99	-1.26718
5	-1.26075
5.01	-1.25427
5.02	-1.24773
5.03	-1.24115
5.04	-1.23452
5.05	-1.22783
5.06	-1.22109
5.07	-1.2143
5.08	-1.20745
5.09	-1.20054
5.1	-1.19358
5.11	-1.18656
5.12	-1.17948
5.13	-1.17234
5.14	-1.16513
5.15	-1.15786
5.16	-1.15053
5.17	-1.14313
5.18	-1.13567
5.19	-1.12814
5.2	-1.12053
5.21	-1.11286
5.22	-1.10511
5.23	-1.09729
5.24	-1.08939
5.25	-1.08141
5.26	-1.07336
5.27	-1.06522
5.28	-1.057
5.29	-1.0487
5.3	-1.04031
5.31	-1.03184
5.32	-1.02327
5.33	-1.01461
5.34	-1.00586
5.35	-0.997008
5.36	-0.98806
5.37	-0.979011
5.38	-0.96986
5.39	-0.960602
5.4	-0.951237
5.41	-0.941761
5.42	-0.932172
5.43	-0.922467
5.44	-0.912643
5.45	-0.902698
5.46	-0.892629
5.47	-0.882432
5.48	-0.872104
5.49	-0.861642
5.5	-0.851043
5.51	-0.840303
5.52	-0.829419
5.53	-0.818386
5.54	-0.807202
5.55	-0.795863
5.56	-0.784363
5.57	-0.7727
5.58	-0.760868
5.59	-0.748864
5.6	-0.736683
5.61	-0.72432
5.62	-0.71177
5.63	-0.699028
5.64	-0.686089
5.65	-0.672948
5.66	-0.6596
5.67	-0.646038
5.68	-0.632257
5.69	-0.61825
5.7	-0.604013
5.71	-0.589537
5.72	-0.574817
5.73	-0.559847
5.74	-0.544618
5.75	-0.529124
5.76	-0.513358
5.77	-0.497312
5.78	-0.480978
5.79	-0.464348
5.8	-0.447415
5.81	-0.43017
5.82	-0.412604
5.83	-0.394708
5.84	-0.376475
5.85	-0.357894
5.86	-0.338957
5.87	-0.319653
5.88	-0.299974
5.89	-0.27991
5.9	-0.25945
5.91	-0.238586
5.92	-0.217306
5.93	-0.195601
5.94	-0.17346
5.95	-0.150875
5.96	-0.127833
5.97	-0.104327
5.98	-0.0803446
5.99	-0.0558778
6	-0.0309168
6.01	-0.00545252
6.02	0.0205236
6.03	0.0470198
6.04	0.0740437
6.05	0.101602
6.06	0.129701
6.07	0.158346
6.08	0.187542
6.09	0.217291
6.1	0.247595
6.11	0.278455
6.12	0.30987
6.13	0.341836
6.14	0.374349
6.15	0.407402
6.16	0.440987
6.17	0.475091
6.18	0.5097
6.19	0.544797
6.2	0.580363
6.21	0.616375
6.22	0.652807
6.23	0.689629
6.24	0.726808
6.25	0.764308
6.26	0.802089
6.27	0.840108
6.28	0.878317
6.29	0.916668
6.3	0.955106
6.31	0.993576
6.32	1.03202
6.33	1.07037
6.34	1.10857
6.35	1.14655
6.36	1.18424
6.37	1.22159
6.38	1.25851
6.39	1.29495
6.4	1.33084
6.41	1.36611
6.42	1.40071
6.43	1.43457
6.44	1.46763
6.45	1.49986
6.46	1.53119
6.47	1.56159
6.48	1.59102
6.49	1.61945
6.5	1.64685
6.51	1.6732
6.52	1.69848
6.53	1.72268
6.54	1.7458
6.55	1.76784
6.56	1.7888
6.57	1.80869
6.58	1.82753
6.59	1.84533
6.6	1.86212
6.61	1.87792
6.62	1.89275
6.63	1.90664
6.64	1.91962
6.65	1.93173
6.66	1.943
6.67	1.95346
6.68	1.96314
6.69	1.97209
6.7	1.98032
6.71	1.98789
6.72	1.99481
6.73	2.00113
6.74	2.00687
6.75	2.01206
6.76	2.01674
6.77	2.02094
6.78	2.02467
6.79	2.02797
6.8	2.03087
6.81	2.03338
6.82	2.03553
6.83	2.03734
6.84	2.03884
6.85	2.04004
6.86	2.04096
6.87	2.04161
6.88	2.04202
6.89	2.0422
6.9	2.04217
6.91	2.04193
6.92	2.04151
6.93	2.0409
6.94	2.04013
6.95	2.03921
6.96	2.03814
6.97	2.03693
6.98	2.0356
6.99	2.03414
7	2.03258
7.01	2.03091
7.02	2.02914
7.03	2.02727
7.04	2.02532
7.05	2.02329
7.06	2.02119
7.07	2.01901
7.08	2.01676
7.09	2.01445
7.1	2.01208
7.11	2.00965
7.12	2.00717
7.13	2.00464
7.14	2.00206
7.15	1.99944
7.16	1.99678
7.17	1.99407
7.18	1.99133
7.19	1.98855
7.2	1.98574
7.21	1.98289
7.22	1.98001
7.23	1.9771
7.24	1.97417
7.25	1.97121
7.26	1.96822
7.27	1.96521
7.28	1.96217
7.29	1.95911
7.3	1.95603
7.31	1.95293
7.32	1.94981
7.33	1.94667
7.34	1.94351
7.35	1.94033
7.36	1.93713
7.37	1.93392
7.38	1.93069
7.39	1.92744
7.4	1.92417
7.41	1.9209
7.42	1.9176
7.43	1.91429
7.44	1.91097
7.45	1.90763
7.46	1.90428
7.47	1.90092
7.48	1.89754
7.49	1.89414
7.5	1.89074
7.51	1.88732
7.52	1.88389
7.53	1.88044
7.54	1.87698
7.55	1.87351
7.56	1.87003
7.57	1.86653
7.58	1.86303
7.59	1.85951
7.6	1.85597
7.61	1.85243
7.62	1.84887
7.63	1.8453
7.64	1.84172
7.65	1.83813
7.66	1.83452
7.67	1.8309
7.68	1.82727
7.69	1.82363
7.7	1.81997
7.71	1.81631
7.72	1.81263
7.73	1.80893
7.74	1.80523
7.75	1.80151
7.76	1.79778
7.77	1.79404
7.78	1.79028
7.79	1.78651
7.8	1.78273
7.81	1.77894
7.82	1.77513
7.83	1.77131
7.84	1.76748
7.85	1.76363
7.86	1.75977
7.87	1.7559
7.88	1.75201
7.89	1.74811
7.9	1.7442
7.91	1.74027
7.92	1.73633
7.93	1.73237
7.94	1.7284
7.95	1.72442
7.96	1.72042
7.97	1.7164
7.98	1.71238
7.99	1.70833
8	1.70427
8.01	1.7002
8.02	1.69611
8.03	1.69201
8.04	1.68789
8.05	1.68375
8.06	1.6796
8.07	1.67543
8.08	1.67125
8.09	1.66705
8.1	1.66283
8.11	1.6586
8.12	1.65435
8.13	1.65009
8.14	1.6458
8.15	1.6415
8.16	1.63718
8.17	1.63284
8.18	1.62849
8.19	1.62412
8.2	1.61972
8.21	1.61531
8.22	1.61089
8.23	1.60644
8.24	1.60197
8.25	1.59749
8.26	1.59298
8.27	1.58845
8.28	1.58391
8.29	1.57934
8.3	1.57475
8.31	1.57015
8.32	1.56552
8.33	1.56087
8.34	1.5562
8.35	1.5515
8.36	1.54679
8.37	1.54205
8.38	1.53729
8.39	1.5325
8.4	1.52769
8.41	1.52286
8.42	1.51801
8.43	1.51313
8.44	1.50823
8.45	1.5033
8.46	1.49834
8.47	1.49337
8.48	1.48836
8.49	1.48333
8.5	1.47827
8.51	1.47319
8.52	1.46807
8.53	1.46294
8.54	1.45777
8.55	1.45257
8.56	1.44735
8.57	1.44209
8.58	1.43681
8.59	1.43149
8.6	1.42615
8.61	1.42077
8.62	1.41537
8.63	1.40993
8.64	1.40446
8.65	1.39895
8.66	1.39342
8.67	1.38784
8.68	1.38224
8.69	1.3766
8.7	1.37092
8.71	1.36521
8.72	1.35946
8.73	1.35367
8.74	1.34785
8.75	1.34199
8.76	1.33608
8.77	1.33014
8.78	1.32416
8.79	1.31814
8.8	1.31208
8.81	1.30597
8.82	1.29982
8.83	1.29363
8.84	1.28739
8.85	1.2811
8.86	1.27478
8.87	1.2684
8.88	1.26197
8.89	1.2555
8.9	1.24898
8.91	1.24241
8.92	1.23578
8.93	1.22911
8.94	1.22238
8.95	1.21559
8.96	1.20876
8.97	1.20186
8.98	1.19491
8.99	1.1879
9	1.18083
9.01	1.1737
9.02	1.1665
9.03	1.15925
9.04	1.15193
9.05	1.14454
9.06	1.13709
9.07	1.12957
9.08	1.12198
9.09	1.11432
9.1	1.10658
9.11	1.09878
9.12	1.09089
9.13	1.08293
9.14	1.07489
9.15	1.06677
9.16	1.05857
9.17	1.05028
9.18	1.04191
9.19	1.03345
9.2	1.0249
9.21	1.01626
9.22	1.00752
9.23	0.998693
9.24	0.989764
9.25	0.980734
9.26	0.971602
9.27	0.962365
9.28	0.95302
9.29	0.943565
9.3	0.933998
9.31	0.924315
9.32	0.914514
9.33	0.904592
9.34	0.894546
9.35	0.884373
9.36	0.87407
9.37	0.863634
9.38	0.853061
9.39	0.842348
9.4	0.831491
9.41	0.820487
9.42	0.809332
9.43	0.798022
9.44	0.786553
9.45	0.774921
9.46	0.763122
9.47	0.751151
9.48	0.739003
9.49	0.726675
9.5	0.71416
9.51	0.701455
9.52	0.688554
9.53	0.675452
9.54	0.662143
9.55	0.648622
9.56	0.634883
9.57	0.620919
9.58	0.606726
9.59	0.592296
9.6	0.577623
9.61	0.5627
9.62	0.547521
9.63	0.532077
9.64	0.516363
9.65	0.50037
9.66	0.484092
9.67	0.467519
9.68	0.450643
9.69	0.433458
9.7	0.415953
9.71	0.398121
9.72	0.379952
9.73	0.361437
9.74	0.342568
9.75	0.323335
9.76	0.303727
9.77	0.283737
9.78	0.263352
9.79	0.242565
9.8	0.221365
9.81	0.199741
9.82	0.177683
9.83	0.155183
9.84	0.132228
9.85	0.10881
9.86	0.0849188
9.87	0.0605444
9.88	0.0356776
9.89	0.0103092
9.9	-0.0155696
9.91	-0.0419668
9.92	-0.0688904
9.93	-0.0963472
9.94	-0.124344
9.95	-0.152885
9.96	-0.181976
9.97	-0.211621
9.98	-0.24182
9.99	-0.272575
10	-0.303885
10.01	-0.335747
10.02	-0.368157
10.03	-0.401109
10.04	-0.434594
10.05	-0.4686
10.06	-0.503115
10.07	-0.538122
10.08	-0.573601
10.09	-0.609531
10.1	-0.645885
10.11	-0.682635
10.12	-0.71975
10.13	-0.757192
10.14	-0.794923
10.15	-0.832901
10.16	-0.871078
10.17	-0.909406
10.18	-0.947832
10.19	-0.9863
10.2	-1.02475
10.21	-1.06313
10.22	-1.10136
10.23	-1.13938
10.24	-1.17714
10.25	-1.21455
10.26	-1.25156
10.27	-1.2881
10.28	-1.3241
10.29	-1.35949
10.3	-1.39422
10.31	-1.42822
10.32	-1.46144
10.33	-1.49383
10.34	-1.52534
10.35	-1.55592
10.36	-1.58554
10.37	-1.61415
10.38	-1.64175
10.39	-1.6683
10.4	-1.69378
10.41	-1.71819
10.42	-1.74151
10.43	-1.76375
10.44	-1.78492
10.45	-1.80501
10.46	-1.82405
10.47	-1.84205
10.48	-1.85902
10.49	-1.87501
10.5	-1.89001
10.51	-1.90408
10.52	-1.91724
10.53	-1.92951
10.54	-1.94093
10.55	-1.95154
10.56	-1.96137
10.57	-1.97045
10.58	-1.97882
10.59	-1.98651
10.6	-1.99355
10.61	-1.99998
10.62	-2.00583
10.63	-2.01112
10.64	-2.0159
10.65	-2.02018
10.66	-2.024
10.67	-2.02738
10.68	-2.03035
10.69	-2.03293
10.7	-2.03515
10.71	-2.03703
10.72	-2.03858
10.73	-2.03983
10.74	-2.0408
10.75	-2.04151
10.76	-2.04196
10.77	-2.04219
10.78	-2.04219
10.79	-2.04199
10.8	-2.0416
10.81	-2.04103
10.82	-2.04029
10.83	-2.0394
10.84	-2.03835
10.85	-2.03717
10.86	-2.03586
10.87	-2.03443
10.88	-2.03288
10.89	-2.03123
10.9	-2.02948
10.91	-2.02763
10.92	-2.0257
10.93	-2.02368
10.94	-2.02159
10.95	-2.01943
10.96	-2.01719
10.97	-2.01489
10.98	-2.01253
10.99	-2.01012
11	-2.00765
11.01	-2.00513
11.02	-2.00256
11.03	-1.99994
11.04	-1.99729
11.05	-1.99459
11.06	-1.99185
11.07	-1.98908
11.08	-1.98627
11.09	-1.98343
11.1	-1.98056
11.11	-1.97766
11.12	-1.97473
11.13	-1.97177
11.14	-1.96879
11.15	-1.96578
11.16	-1.96275
11.17	-1.95969
11.18	-1.95662
11.19	-1.95352
11.2	-1.9504
11.21	-1.94726
11.22	-1.94411
11.23	-1.94093
11.24	-1.93774
11.25	-1.93453
11.26	-1.9313
11.27	-1.92805
11.28	-1.92479
11.29	-1.92152
11.3	-1.91823
11.31	-1.91492
11.32	-1.9116
11.33	-1.90827
11.34	-1.90492
11.35	-1.90155
11.36	-1.89818
11.37	-1.89479
11.38	-1.89138
11.39	-1.88797
11.4	-1.88454
11.41	-1.8811
11.42	-1.87764
11.43	-1.87417
11.44	-1.87069
11.45	-1.8672
11.46	-1.86369
11.47	-1.86017
11.48	-1.85664
11.49	-1.8531
11.5	-1.84955
11.51	-1.84598
11.52	-1.8424
11.53	-1.83881
11.54	-1.8352
11.55	-1.83159
11.56	-1.82796
11.57	-1.82432
11.58	-1.82067
11.59	-1.817
11.6	-1.81332
11.61	-1.80963
11.62	-1.80593
11.63	-1.80222
11.64	-1.79849
11.65	-1.79475
11.66	-1.79099
11.67	-1.78723
11.68	-1.78345
11.69	-1.77966
11.7	-1.77585
11.71	-1.77204
11.72	-1.76821
11.73	-1.76436
11.74	-1.76051
11.75	-1.75663
11.76	-1.75275
11.77	-1.74885
11.78	-1.74494
11.79	-1.74102
11.8	-1.73708
11.81	-1.73312
11.82	-1.72915
11.83	-1.72517
11.84	-1.72118
11.85	-1.71717
11.86	-1.71314
11.87	-1.7091
11.88	-1.70504
11.89	-1.70097
11.9	-1.69689
11.91	-1.69279
11.92	-1.68867
11.93	-1.68454
11.94	-1.68039
11.95	-1.67623
11.96	-1.67204
11.97	-1.66785
11.98	-1.66363
11.99	-1.65941
12	-1.65516
12.01	-1.65089
12.02	-1.64661
12.03	-1.64232
12.04	-1.638
12.05	-1.63367
12.06	-1.62932
12.07	-1.62495
12.08	-1.62056
12.09	-1.61615
12.1	-1.61173
12.11	-1.60728
12.12	-1.60282
12.13	-1.59834
12.14	-1.59383
12.15	-1.58931
12.16	-1.58477
12.17	-1.58021
12.18	-1.57562
12.19	-1.57102
12.2	-1.5664
12.21	-1.56175
12.22	-1.55708
12.23	-1.55239
12.24	-1.54768
12.25	-1.54295
12.26	-1.53819
12.27	-1.53341
12.28	-1.52861
12.29	-1.52378
12.3	-1.51893
12.31	-1.51406
12.32	-1.50916
12.33	-1.50423
12.34	-1.49928
12.35	-1.49431
12.36	-1.48931
12.37	-1.48428
12.38	-1.47923
12.39	-1.47415
12.4	-1.46905
12.41	-1.46391
12.42	-1.45875
12.43	-1.45356
12.44	-1.44834
12.45	-1.44309
12.46	-1.43781
12.47	-1.4325
12.48	-1.42716
12.49	-1.4218
12.5	-1.41639
12.51	-1.41096
12.52	-1.4055
12.53	-1.4
12.54	-1.39447
12.55	-1.3889
12.56	-1.3833
12.57	-1.37767
12.58	-1.372
12.59	-1.36629
12.6	-1.36055
12.61	-1.35477
12.62	-1.34895
12.63	-1.3431
12.64	-1.33721
12.65	-1.33127
12.66	-1.3253
12.67	-1.31928
12.68	-1.31323
12.69	-1.30713
12.7	-1.30099
12.71	-1.2948
12.72	-1.28857
12.73	-1.2823
12.74	-1.27598
12.75	-1.26961
12.76	-1.2632
12.77	-1.25673
12.78	-1.25022
12.79	-1.24366
12.8	-1.23704
12.81	-1.23038
12.82	-1.22366
12.83	-1.21688
12.84	-1.21006
12.85	-1.20317
12.86	-1.19623
12.87	-1.18923
12.88	-1.18217
12.89	-1.17505
12.9	-1.16787
12.91	-1.16063
12.92	-1.15332
12.93	-1.14595
12.94	-1.13851
12.95	-1.131
12.96	-1.12342
12.97	-1.11577
12.98	-1.10805
12.99	-1.10026
13	-1.09239
13.01	-1.08445
13.02	-1.07642
13.03	-1.06832
13.04	-1.06013
13.05	-1.05186
13.06	-1.0435
13.07	-1.03506
13.08	-1.02653
13.09	-1.0179
13.1	-1.00919
13.11	-1.00037
13.12	-0.991463
13.13	-0.982453
13.14	-0.97334
13.15	-0.964123
13.16	-0.954799
13.17	-0.945365
13.18	-0.935819
13.19	-0.926158
13.2	-0.91638
13.21	-0.906481
13.22	-0.896459
13.23	-0.88631
13.24	-0.876032
13.25	-0.865621
13.26	-0.855075
13.27	-0.844388
13.28	-0.833559
13.29	-0.822583
13.3	-0.811457
13.31	-0.800177
13.32	-0.788738
13.33	-0.777138
13.34	-0.76537
13.35	-0.753432
13.36	-0.741318
13.37	-0.729024
13.38	-0.716545
13.39	-0.703877
13.4	-0.691013
13.41	-0.67795
13.42	-0.66468
13.43	-0.6512
13.44	-0.637502
13.45	-0.623582
13.46	-0.609433
13.47	-0.595048
13.48	-0.580421
13.49	-0.565546
13.5	-0.550416
13.51	-0.535023
13.52	-0.519361
13.53	-0.503422
13.54	-0.487198
13.55	-0.470681
13.56	-0.453864
13.57	-0.436738
13.58	-0.419294
13.59	-0.401524
13.6	-0.38342
13.61	-0.364972
13.62	-0.34617
13.63	-0.327007
13.64	-0.307471
13.65	-0.287553
13.66	-0.267245
13.67	-0.246534
13.68	-0.225413
13.69	-0.20387
13.7	-0.181896
13.71	-0.15948
13.72	-0.136612
13.73	-0.113282
13.74	-0.0894816
13.75	-0.0651994
13.76	-0.0404265
13.77	-0.0151538
13.78	0.0106276
13.79	0.036926
13.8	0.0637493
13.81	0.0911046
13.82	0.118998
13.83	0.147436
13.84	0.176423
13.85	0.205962
13.86	0.236056
13.87	0.266706
13.88	0.297911
13.89	0.329669
13.9	0.361976
13.91	0.394825
13.92	0.42821
13.93	0.462119
13.94	0.496538
13.95	0.531453
13.96	0.566845
13.97	0.602691
13.98	0.638967
13.99	0.675645
14	0.712692
14.01	0.750075
14.02	0.787755
14.03	0.825689
14.04	0.863833
14.05	0.902136
14.06	0.940548
14.07	0.979012
14.08	1.01747
14.09	1.05586
14.1	1.09413
14.11	1.1322
14.12	1.17001
14.13	1.2075
14.14	1.24459
14.15	1.28122
14.16	1.31732
14.17	1.35284
14.18	1.38769
14.19	1.42184
14.2	1.45521
14.21	1.48776
14.22	1.51944
14.23	1.5502
14.24	1.58
14.25	1.60881
14.26	1.6366
14.27	1.66335
14.28	1.68903
14.29	1.71365
14.3	1.73718
14.31	1.75962
14.32	1.78099
14.33	1.80129
14.34	1.82052
14.35	1.83872
14.36	1.85589
14.37	1.87205
14.38	1.88724
14.39	1.90149
14.4	1.91481
14.41	1.92725
14.42	1.93883
14.43	1.94959
14.44	1.95957
14.45	1.96879
14.46	1.97729
14.47	1.9851
14.48	1.99226
14.49	1.99881
14.5	2.00476
14.51	2.01016
14.52	2.01503
14.53	2.0194
14.54	2.02331
14.55	2.02677
14.56	2.02982
14.57	2.03247
14.58	2.03476
14.59	2.0367
14.6	2.03831
14.61	2.03962
14.62	2.04064
14.63	2.0414
14.64	2.0419
14.65	2.04216
14.66	2.04221
14.67	2.04205
14.68	2.04169
14.69	2.04115
14.7	2.04044
14.71	2.03958
14.72	2.03856
14.73	2.0374
14.74	2.03612
14.75	2.03471
14.76	2.03318
14.77	2.03155
14.78	2.02982
14.79	2.02799
14.8	2.02607
14.81	2.02407
14.82	2.02199
14.83	2.01984
14.84	2.01762
14.85	2.01533
14.86	2.01298
14.87	2.01058
14.88	2.00812
14.89	2.00561
14.9	2.00305
14.91	2.00044
14.92	1.99779
14.93	1.9951
14.94	1.99237
14.95	1.98961
14.96	1.98681
14.97	1.98397
14.98	1.98111
14.99	1.97821
15	1.97529
15.01	1.97233
15.02	1.96936
15.03	1.96635
15.04	1.96332
15.05	1.96027
15.06	1.9572
15.07	1.95411
15.08	1.95099
15.09	1.94786
15.1	1.94471
15.11	1.94153
15.12	1.93834
15.13	1.93514
15.14	1.93191
15.15	1.92867
15.16	1.92541
15.17	1.92214
15.18	1.91885
15.19	1.91555
15.2	1.91223
15.21	1.9089
15.22	1.90555
15.23	1.90219
15.24	1.89882
15.25	1.89543
15.26	1.89203
15.27	1.88862
15.28	1.88519
15.29	1.88175
15.3	1.8783
15.31	1.87483
15.32	1.87135
15.33	1.86786
15.34	1.86436
15.35	1.86084
15.36	1.85731
15.37	1.85377
15.38	1.85022
15.39	1.84666
15.4	1.84308
15.41	1.83949
15.42	1.83589
15.43	1.83227
15.44	1.82865
15.45	1.82501
15.46	1.82136
15.47	1.8177
15.48	1.81402
15.49	1.81033
15.5	1.80663
15.51	1.80292
15.52	1.7992
15.53	1.79546
15.54	1.79171
15.55	1.78794
15.56	1.78417
15.57	1.78038
15.58	1.77658
15.59	1.77276
15.6	1.76893
15.61	1.76509
15.62	1.76124
15.63	1.75737
15.64	1.75349
15.65	1.74959
15.66	1.74568
15.67	1.74176
15.68	1.73782
15.69	1.73387
15.7	1.72991
15.71	1.72593
15.72	1.72193
15.73	1.71793
15.74	1.7139
15.75	1.70987
15.76	1.70581
15.77	1.70175
15.78	1.69766
15.79	1.69356
15.8	1.68945
15.81	1.68532
15.82	1.68118
15.83	1.67702
15.84	1.67284
15.85	1.66864
15.86	1.66443
15.87	1.66021
15.88	1.65596
15.89	1.6517
15.9	1.64743
15.91	1.64313
15.92	1.63882
15.93	1.63449
15.94	1.63014
15.95	1.62577
15.96	1.62139
15.97	1.61699
15.98	1.61257
15.99	1.60813
16	1.60367
16.01	1.59919
16.02	1.59469
16.03	1.59017
16.04	1.58563
16.05	1.58107
16.06	1.57649
16.07	1.57189
16.08	1.56727
16.09	1.56263
16.1	1.55797
16.11	1.55328
16.12	1.54857
16.13	1.54384
16.14	1.53909
16.15	1.53432
16.16	1.52952
16.17	1.5247
16.18	1.51985
16.19	1.51498
16.2	1.51009
16.21	1.50517
16.22	1.50022
16.23	1.49525
16.24	1.49026
16.25	1.48524
16.26	1.48019
16.27	1.47512
16.28	1.47001
16.29	1.46489
16.3	1.45973
16.31	1.45454
16.32	1.44933
16.33	1.44409
16.34	1.43881
16.35	1.43351
16.36	1.42818
16.37	1.42281
16.38	1.41742
16.39	1.41199
16.4	1.40653
16.41	1.40104
16.42	1.39552
16.43	1.38996
16.44	1.38437
16.45	1.37874
16.46	1.37308
16.47	1.36738
16.48	1.36164
16.49	1.35587
16.5	1.35006
16.51	1.34421
16.52	1.33833
16.53	1.3324
16.54	1.32643
16.55	1.32043
16.56	1.31438
16.57	1.30829
16.58	1.30215
16.59	1.29598
16.6	1.28976
16.61	1.28349
16.62	1.27718
16.63	1.27082
16.64	1.26441
16.65	1.25796
16.66	1.25146
16.67	1.2449
16.68	1.2383
16.69	1.23164
16.7	1.22493
16.71	1.21817
16.72	1.21135
16.73	1.20448
16.74	1.19755
16.75	1.19056
16.76	1.18351
16.77	1.17641
16.78	1.16924
16.79	1.16201
16.8	1.15471
16.81	1.14735
16.82	1.13992
16.83	1.13243
16.84	1.12486
16.85	1.11723
16.86	1.10952
16.87	1.10174
16.88	1.09389
16.89	1.08596
16.9	1.07795
16.91	1.06986
16.92	1.06169
16.93	1.05343
16.94	1.04509
16.95	1.03667
16.96	1.02815
16.97	1.01954
16.98	1.01084
16.99	1.00205
17	0.993159
17.01	0.984167
17.02	0.975074
17.03	0.965877
17.04	0.956573
17.05	0.94716
17.06	0.937636
17.07	0.927997
17.08	0.918241
17.09	0.908365
17.1	0.898367
17.11	0.888243
17.12	0.877989
17.13	0.867604
17.14	0.857083
17.15	0.846424
17.16	0.835622
17.17	0.824674
17.18	0.813577
17.19	0.802326
17.2	0.790918
17.21	0.779348
17.22	0.767612
17.23	0.755707
17.24	0.743627
17.25	0.731367
17.26	0.718924
17.27	0.706292
17.28	0.693465
17.29	0.68044
17.3	0.66721
17.31	0.65377
17.32	0.640114
17.33	0.626236
17.34	0.612131
17.35	0.597791
17.36	0.583211
17.37	0.568384
17.38	0.553302
17.39	0.53796
17.4	0.522349
17.41	0.506463
17.42	0.490293
17.43	0.473833
17.44	0.457073
17.45	0.440006
17.46	0.422623
17.47	0.404916
17.48	0.386876
17.49	0.368493
17.5	0.34976
17.51	0.330665
17.52	0.311201
17.53	0.291356
17.54	0.271122
17.55	0.250489
17.56	0.229446
17.57	0.207984
17.58	0.186092
17.59	0.16376
17.6	0.140979
17.61	0.117738
17.62	0.094027
17.63	0.0698367
17.64	0.0451575
17.65	0.0199802
17.66	-0.0057042
17.67	-0.0319041
17.68	-0.0586273
17.69	-0.0858813
17.7	-0.113673
17.71	-0.142007
17.72	-0.17089
17.73	-0.200324
17.74	-0.230313
17.75	-0.260857
17.76	-0.291957
17.77	-0.32361
17.78	-0.355814
17.79	-0.388561
17.8	-0.421845
17.81	-0.455656
17.82	-0.48998
17.83	-0.524802
17.84	-0.560105
17.85	-0.595866
17.86	-0.632063
17.87	-0.668667
17.88	-0.705647
17.89	-0.74297
17.9	-0.780596
17.91	-0.818486
17.92	-0.856593
17.93	-0.89487
17.94	-0.933266
17.95	-0.971724
17.96	-1.01019
17.97	-1.0486
17.98	-1.08689
17.99	-1.12501
18	-1.16287
18.01	-1.20042
18.02	-1.23759
18.03	-1.27432
18.04	-1.31053
18.05	-1.34616
18.06	-1.38114
18.07	-1.41543
18.08	-1.44895
18.09	-1.48166
18.1	-1.51351
18.11	-1.54444
18.12	-1.57443
18.13	-1.60343
18.14	-1.63142
18.15	-1.65836
18.16	-1.68425
18.17	-1.70907
18.18	-1.7328
18.19	-1.75545
18.2	-1.77703
18.21	-1.79752
18.22	-1.81696
18.23	-1.83535
18.24	-1.85271
18.25	-1.86907
18.26	-1.88444
18.27	-1.89886
18.28	-1.91236
18.29	-1.92496
18.3	-1.9367
18.31	-1.94762
18.32	-1.95774
18.33	-1.9671
18.34	-1.97573
18.35	-1.98367
18.36	-1.99096
18.37	-1.99761
18.38	-2.00368
18.39	-2.00918
18.4	-2.01415
18.41	-2.01861
18.42	-2.0226
18.43	-2.02615
18.44	-2.02927
18.45	-2.032
18.46	-2.03435
18.47	-2.03636
18.48	-2.03803
18.49	-2.03939
18.5	-2.04047
18.51	-2.04127
18.52	-2.04182
18.53	-2.04213
18.54	-2.04222
18.55	-2.04209
18.56	-2.04177
18.57	-2.04127
18.58	-2.04059
18.59	-2.03975
18.6	-2.03876
18.61	-2.03763
18.62	-2.03637
18.63	-2.03498
18.64	-2.03348
18.65	-2.03187
18.66	-2.03015
18.67	-2.02834
18.68	-2.02644
18.69	-2.02446
18.7	-2.02239
18.71	-2.02025
18.72	-2.01805
18.73	-2.01577
18.74	-2.01343
18.75	-2.01104
18.76	-2.00859
18.77	-2.00609
18.78	-2.00354
18.79	-2.00094
18.8	-1.9983
18.81	-1.99561
18.82	-1.99289
18.83	-1.99013
18.84	-1.98734
18.85	-1.98451
18.86	-1.98165
18.87	-1.97876
18.88	-1.97584
18.89	-1.97289
18.9	-1.96992
18.91	-1.96692
18.92	-1.9639
18.93	-1.96085
18.94	-1.95779
18.95	-1.9547
18.96	-1.95158
18.97	-1.94845
18.98	-1.9453
18.99	-1.94214
19	-1.93895
19.01	-1.93574
19.02	-1.93252
19.03	-1.92929
19.04	-1.92603
19.05	-1.92276
19.06	-1.91948
19.07	-1.91618
19.08	-1.91286
19.09	-1.90953
19.1	-1.90619
19.11	-1.90283
19.12	-1.89946
19.13	-1.89607
19.14	-1.89268
19.15	-1.88926
19.16	-1.88584
19.17	-1.8824
19.18	-1.87895
19.19	-1.87549
19.2	-1.87201
19.21	-1.86852
19.22	-1.86502
19.23	-1.86151
19.24	-1.85798
19.25	-1.85445
19.26	-1.8509
19.27	-1.84733
19.28	-1.84376
19.29	-1.84017
19.3	-1.83657
19.31	-1.83296
19.32	-1.82934
19.33	-1.8257
19.34	-1.82205
19.35	-1.81839
19.36	-1.81472
19.37	-1.81103
19.38	-1.80734
19.39	-1.80362
19.4	-1.7999
19.41	-1.79617
19.42	-1.79242
19.43	-1.78866
19.44	-1.78488
19.45	-1.7811
19.46	-1.7773
19.47	-1.77348
19.48	-1.76966
19.49	-1.76582
19.5	-1.76197
19.51	-1.7581
19.52	-1.75422
19.53	-1.75033
19.54	-1.74642
19.55	-1.7425
19.56	-1.73857
19.57	-1.73462
19.58	-1.73066
19.59	-1.72668
19.6	-1.72269
19.61	-1.71869
19.62	-1.71467
19.63	-1.71063
19.64	-1.70658
19.65	-1.70252
19.66	-1.69844
19.67	-1.69434
19.68	-1.69023
19.69	-1.68611
19.7	-1.68196
19.71	-1.6778
19.72	-1.67363
19.73	-1.66944
19.74	-1.66523
19.75	-1.66101
19.76	-1.65677
19.77	-1.65251
19.78	-1.64824
19.79	-1.64395
19.8	-1.63964
19.81	-1.63531
19.82	-1.63097
19.83	-1.6266
19.84	-1.62222
19.85	-1.61782
19.86	-1.61341
19.87	-1.60897
19.88	-1.60451
19.89	-1.60004
19.9	-1.59554
19.91	-1.59103
19.92	-1.58649
19.93	-1.58194
19.94	-1.57736
19.95	-1.57277
19.96	-1.56815
19.97	-1.56351
19.98	-1.55885
19.99	-1.55417
20	-1.54947
20.01	-1.54474
20.02	-1.53999
20.03	-1.53522
20.04	-1.53043
20.05	-1.52561
20.06	-1.52077
20.07	-1.51591
20.08	-1.51102
20.09	-1.5061
20.1	-1.50116
20.11	-1.4962
20.12	-1.49121
20.13	-1.48619
20.14	-1.48115
20.15	-1.47608
20.16	-1.47098
20.17	-1.46586
20.18	-1.46071
20.19	-1.45553
20.2	-1.45032
20.21	-1.44508
20.22	-1.43982
20.23	-1.43452
20.24	-1.42919
20.25	-1.42383
20.26	-1.41844
20.27	-1.41302
20.28	-1.40757
20.29	-1.40209
20.3	-1.39657
20.31	-1.39101
20.32	-1.38543
20.33	-1.37981
20.34	-1.37415
20.35	-1.36846
20.36	-1.36273
20.37	-1.35697
20.38	-1.35116
20.39	-1.34532
20.4	-1.33944
20.41	-1.33352
20.42	-1.32757
20.43	-1.32157
20.44	-1.31553
20.45	-1.30944
20.46	-1.30332
20.47	-1.29715
20.48	-1.29094
20.49	-1.28468
20.5	-1.27838
20.51	-1.27203
20.52	-1.26563
20.53	-1.25919
20.54	-1.25269
20.55	-1.24615
20.56	-1.23955
20.57	-1.23291
20.58	-1.22621
20.59	-1.21946
20.6	-1.21265
20.61	-1.20579
20.62	-1.19887
20.63	-1.19189
20.64	-1.18485
20.65	-1.17776
20.66	-1.1706
20.67	-1.16338
20.68	-1.1561
20.69	-1.14875
20.7	-1.14133
20.71	-1.13385
20.72	-1.1263
20.73	-1.11868
20.74	-1.11099
20.75	-1.10322
20.76	-1.09538
20.77	-1.08747
20.78	-1.07947
20.79	-1.0714
20.8	-1.06324
20.81	-1.055
20.82	-1.04668
20.83	-1.03827
20.84	-1.02977
20.85	-1.02118
20.86	-1.0125
20.87	-1.00372
20.88	-0.994851
20.89	-0.985878
20.9	-0.976805
20.91	-0.967627
20.92	-0.958344
20.93	-0.948952
20.94	-0.939449
20.95	-0.929832
20.96	-0.920098
20.97	-0.910246
20.98	-0.900271
20.99	-0.89017
21	-0.879942
21.01	-0.869582
21.02	-0.859087
21.03	-0.848454
21.04	-0.837679
21.05	-0.826759
21.06	-0.815691
21.07	-0.804469
21.08	-0.793091
21.09	-0.781552
21.1	-0.769848
21.11	-0.757975
21.12	-0.745929
21.13	-0.733704
21.14	-0.721295
21.15	-0.708699
21.16	-0.69591
21.17	-0.682923
21.18	-0.669732
21.19	-0.656332
21.2	-0.642718
21.21	-0.628883
21.22	-0.614821
21.23	-0.600526
21.24	-0.585992
21.25	-0.571212
21.26	-0.556179
21.27	-0.540887
21.28	-0.525327
21.29	-0.509494
21.3	-0.493379
21.31	-0.476974
21.32	-0.460271
21.33	-0.443263
21.34	-0.425941
21.35	-0.408296
21.36	-0.390319
21.37	-0.372002
21.38	-0.353336
21.39	-0.33431
21.4	-0.314917
21.41	-0.295145
21.42	-0.274986
21.43	-0.254429
21.44	-0.233464
21.45	-0.212082
21.46	-0.190273
21.47	-0.168025
21.48	-0.14533
21.49	-0.122176
21.5	-0.0985552
21.51	-0.0744565
21.52	-0.0498707
21.53	-0.0247884
21.54	0.000799294
21.55	0.0269009
21.56	0.0535244
21.57	0.0806774
21.58	0.108366
21.59	0.136598
21.6	0.165376
21.61	0.194706
21.62	0.224589
21.63	0.255028
21.64	0.286023
21.65	0.317572
21.66	0.349671
21.67	0.382316
21.68	0.415499
21.69	0.449211
21.7	0.483439
21.71	0.518168
21.72	0.553381
21.73	0.589058
21.74	0.625174
21.75	0.661703
21.76	0.698615
21.77	0.735875
21.78	0.773447
21.79	0.81129
21.8	0.84936
21.81	0.887608
21.82	0.925985
21.83	0.964437
21.84	1.0029
21.85	1.04133
21.86	1.07965
21.87	1.1178
21.88	1.15572
21.89	1.19334
21.9	1.23059
21.91	1.2674
21.92	1.30371
21.93	1.33945
21.94	1.37457
21.95	1.40899
21.96	1.44266
21.97	1.47553
21.98	1.50754
21.99	1.53865
22	1.56882
22.01	1.59801
22.02	1.62619
22.03	1.65334
22.04	1.67943
22.05	1.70445
22.06	1.72839
22.07	1.75125
22.08	1.77302
22.09	1.79372
22.1	1.81336
22.11	1.83195
22.12	1.8495
22.13	1.86604
22.14	1.8816
22.15	1.8962
22.16	1.90987
22.17	1.92264
22.18	1.93454
22.19	1.94561
22.2	1.95588
22.21	1.96538
22.22	1.97415
22.23	1.98222
22.24	1.98963
22.25	1.9964
22.26	2.00257
22.27	2.00818
22.28	2.01324
22.29	2.0178
22.3	2.02188
22.31	2.02551
22.32	2.02871
22.33	2.03151
22.34	2.03393
22.35	2.036
22.36	2.03774
22.37	2.03916
22.38	2.04029
22.39	2.04114
22.4	2.04174
22.41	2.04209
22.42	2.04222
22.43	2.04213
22.44	2.04185
22.45	2.04138
22.46	2.04073
22.47	2.03992
22.48	2.03896
22.49	2.03786
22.5	2.03662
22.51	2.03526
22.52	2.03377
22.53	2.03218
22.54	2.03049
22.55	2.02869
22.56	2.02681
22.57	2.02484
22.58	2.02279
22.59	2.02067
22.6	2.01847
22.61	2.01621
22.62	2.01388
22.63	2.0115
22.64	2.00906
22.65	2.00656
22.66	2.00402
22.67	2.00143
22.68	1.9988
22.69	1.99613
22.7	1.99341
22.71	1.99066
22.72	1.98787
22.73	1.98505
22.74	1.9822
22.75	1.97931
22.76	1.9764
22.77	1.97345
22.78	1.97049
22.79	1.96749
22.8	1.96447
22.81	1.96143
22.82	1.95837
22.83	1.95528
22.84	1.95218
22.85	1.94905
22.86	1.9459
22.87	1.94274
22.88	1.93955
22.89	1.93635
22.9	1.93313
22.91	1.9299
22.92	1.92665
22.93	1.92338
22.94	1.9201
22.95	1.9168
22.96	1.91349
22.97	1.91016
22.98	1.90682
22.99	1.90347
23	1.9001
23.01	1.89672
23.02	1.89332
23.03	1.88991
23.04	1.88649
23.05	1.88305
23.06	1.87961
23.07	1.87614
23.08	1.87267
23.09	1.86918
23.1	1.86569
23.11	1.86218
23.12	1.85865
23.13	1.85512
23.14	1.85157
23.15	1.84801
23.16	1.84444
23.17	1.84085
23.18	1.83725
23.19	1.83365
23.2	1.83002
23.21	1.82639
23.22	1.82274
23.23	1.81909
23.24	1.81542
23.25	1.81173
23.26	1.80804
23.27	1.80433
23.28	1.80061
23.29	1.79687
23.3	1.79313
23.31	1.78937
23.32	1.7856
23.33	1.78182
23.34	1.77802
23.35	1.77421
23.36	1.77038
23.37	1.76655
23.38	1.7627
23.39	1.75884
23.4	1.75496
23.41	1.75107
23.42	1.74717
23.43	1.74325
23.44	1.73932
23.45	1.73537
23.46	1.73141
23.47	1.72744
23.48	1.72345
23.49	1.71945
23.5	1.71543
23.51	1.7114
23.52	1.70735
23.53	1.70329
23.54	1.69921
23.55	1.69512
23.56	1.69101
23.57	1.68689
23.58	1.68275
23.59	1.67859
23.6	1.67442
23.61	1.67024
23.62	1.66603
23.63	1.66181
23.64	1.65757
23.65	1.65332
23.66	1.64905
23.67	1.64476
23.68	1.64045
23.69	1.63613
23.7	1.63179
23.71	1.62743
23.72	1.62305
23.73	1.61866
23.74	1.61424
23.75	1.60981
23.76	1.60536
23.77	1.60089
23.78	1.5964
23.79	1.59188
23.8	1.58735
23.81	1.5828
23.82	1.57823
23.83	1.57364
23.84	1.56903
23.85	1.56439
23.86	1.55974
23.87	1.55506
23.88	1.55036
23.89	1.54564
23.9	1.5409
23.91	1.53613
23.92	1.53134
23.93	1.52653
23.94	1.52169
23.95	1.51683
23.96	1.51194
23.97	1.50703
23.98	1.5021
23.99	1.49714
24	1.49216
24.01	1.48714
24.02	1.48211
24.03	1.47704
24.04	1.47195
24.05	1.46683
24.06	1.46169
24.07	1.45651
24.08	1.45131
24.09	1.44608
24.1	1.44082
24.11	1.43552
24.12	1.4302
24.13	1.42485
24.14	1.41947
24.15	1.41405
24.16	1.40861
24.17	1.40313
24.18	1.39761
24.19	1.39207
24.2	1.38649
24.21	1.38087
24.22	1.37523
24.23	1.36954
24.24	1.36382
24.25	1.35806
24.26	1.35227
24.27	1.34643
24.28	1.34056
24.29	1.33465
24.3	1.3287
24.31	1.32271
24.32	1.31667
24.33	1.3106
24.34	1.30448
24.35	1.29832
24.36	1.29212
24.37	1.28587
24.38	1.27958
24.39	1.27323
24.4	1.26685
24.41	1.26041
24.42	1.25393
24.43	1.24739
24.44	1.24081
24.45	1.23417
24.46	1.22748
24.47	1.22074
24.48	1.21394
24.49	1.20709
24.5	1.20018
24.51	1.19322
24.52	1.18619
24.53	1.17911
24.54	1.17196
24.55	1.16475
24.56	1.15748
24.57	1.15015
24.58	1.14274
24.59	1.13527
24.6	1.12774
24.61	1.12013
24.62	1.11245
24.63	1.1047
24.64	1.09687
24.65	1.08897
24.66	1.08099
24.67	1.07293
24.68	1.06479
24.69	1.05657
24.7	1.04826
24.71	1.03987
24.72	1.03139
24.73	1.02282
24.74	1.01415
24.75	1.00539
24.76	0.996539
24.77	0.987586
24.78	0.978531
24.79	0.969374
24.8	0.960111
24.81	0.95074
24.82	0.941258
24.83	0.931663
24.84	0.921951
24.85	0.912121
24.86	0.90217
24.87	0.892093
24.88	0.881889
24.89	0.871554
24.9	0.861085
24.91	0.850479
24.92	0.839731
24.93	0.828839
24.94	0.817799
24.95	0.806607
24.96	0.795259
24.97	0.783751
24.98	0.772078
24.99	0.760238
25	0.748224
25.01	0.736033
25.02	0.72366
25.03	0.7111
25.04	0.698348
25.05	0.685399
25.06	0.672247
25.07	0.658887
25.08	0.645314
25.09	0.631521
25.1	0.617502
25.11	0.603252
25.12	0.588764
25.13	0.574031
25.14	0.559047
25.15	0.543804
25.16	0.528296
25.17	0.512515
25.18	0.496453
25.19	0.480104
25.2	0.463459
25.21	0.446509
25.22	0.429247
25.23	0.411664
25.24	0.393751
25.25	0.375499
25.26	0.356899
25.27	0.337943
25.28	0.318619
25.29	0.29892
25.3	0.278835
25.31	0.258354
25.32	0.237468
25.33	0.216165
25.34	0.194437
25.35	0.172274
25.36	0.149664
25.37	0.126598
25.38	0.103066
25.39	0.0790588
25.4	0.054566
25.41	0.0295784
25.42	0.00408717
25.43	-0.0219164
25.44	-0.0484405
25.45	-0.0754926
25.46	-0.10308
25.47	-0.131208
25.48	-0.159882
25.49	-0.189107
25.5	-0.218885
25.51	-0.249219
25.52	-0.280109
25.53	-0.311553
25.54	-0.343548
25.55	-0.37609
25.56	-0.409172
25.57	-0.442784
25.58	-0.476916
25.59	-0.511551
25.6	-0.546674
25.61	-0.582265
25.62	-0.6183
25.63	-0.654753
25.64	-0.691594
25.65	-0.728791
25.66	-0.766307
25.67	-0.804102
25.68	-0.842133
25.69	-0.880351
25.7	-0.918708
25.71	-0.957149
25.72	-0.995619
25.73	-1.03406
25.74	-1.0724
25.75	-1.11059
25.76	-1.14856
25.77	-1.18624
25.78	-1.22356
25.79	-1.26046
25.8	-1.29687
25.81	-1.33273
25.82	-1.36797
25.83	-1.40253
25.84	-1.43634
25.85	-1.46937
25.86	-1.50155
25.87	-1.53283
25.88	-1.56318
25.89	-1.59256
25.9	-1.62093
25.91	-1.64828
25.92	-1.67457
25.93	-1.69979
25.94	-1.72394
25.95	-1.747
25.96	-1.76898
25.97	-1.78988
25.98	-1.80972
25.99	-1.8285
26	-1.84625
26.01	-1.86299
26.02	-1.87873
26.03	-1.89351
26.04	-1.90735
26.05	-1.92029
26.06	-1.93235
26.07	-1.94358
26.08	-1.95399
26.09	-1.96364
26.1	-1.97254
26.11	-1.98074
26.12	-1.98827
26.13	-1.99516
26.14	-2.00145
26.15	-2.00716
26.16	-2.01232
26.17	-2.01698
26.18	-2.02115
26.19	-2.02486
26.2	-2.02814
26.21	-2.03101
26.22	-2.0335
26.23	-2.03564
26.24	-2.03743
26.25	-2.03891
26.26	-2.04009
26.27	-2.041
26.28	-2.04164
26.29	-2.04204
26.3	-2.04221
26.31	-2.04216
26.32	-2.04191
26.33	-2.04148
26.34	-2.04087
26.35	-2.04009
26.36	-2.03916
26.37	-2.03808
26.38	-2.03686
26.39	-2.03552
26.4	-2.03406
26.41	-2.03249
26.42	-2.03081
26.43	-2.02904
26.44	-2.02717
26.45	-2.02522
26.46	-2.02318
26.47	-2.02107
26.48	-2.01889
26.49	-2.01664
26.5	-2.01433
26.51	-2.01195
26.52	-2.00952
26.53	-2.00704
26.54	-2.00451
26.55	-2.00193
26.56	-1.9993
26.57	-1.99664
26.58	-1.99393
26.59	-1.99118
26.6	-1.9884
26.61	-1.98559
26.62	-1.98274
26.63	-1.97986
26.64	-1.97695
26.65	-1.97401
26.66	-1.97105
26.67	-1.96806
26.68	-1.96505
26.69	-1.96201
26.7	-1.95895
26.71	-1.95587
26.72	-1.95277
26.73	-1.94964
26.74	-1.9465
26.75	-1.94334
26.76	-1.94016
26.77	-1.93696
26.78	-1.93375
26.79	-1.93051
26.8	-1.92727
26.81	-1.924
26.82	-1.92072
26.83	-1.91743
26.84	-1.91412
26.85	-1.91079
26.86	-1.90746
26.87	-1.9041
26.88	-1.90074
26.89	-1.89736
26.9	-1.89396
26.91	-1.89056
26.92	-1.88714
26.93	-1.8837
26.94	-1.88026
26.95	-1.8768
26.96	-1.87333
26.97	-1.86985
26.98	-1.86635
26.99	-1.86284
27	-1.85932
27.01	-1.85579
27.02	-1.85224
27.03	-1.84868
27.04	-1.84511
27.05	-1.84153
27.06	-1.83794
27.07	-1.83433
27.08	-1.83071
27.09	-1.82708
27.1	-1.82344
27.11	-1.81978
27.12	-1.81611
27.13	-1.81243
27.14	-1.80874
27.15	-1.80503
27.16	-1.80131
27.17	-1.79758
27.18	-1.79384
27.19	-1.79008
27.2	-1.78631
27.21	-1.78253
27.22	-1.77874
27.23	-1.77493
27.24	-1.77111
27.25	-1.76728
27.26	-1.76343
27.27	-1.75957
27.28	-1.75569
27.29	-1.75181
27.3	-1.74791
27.31	-1.74399
27.32	-1.74006
27.33	-1.73612
27.34	-1.73216
27.35	-1.72819
27.36	-1.72421
27.37	-1.72021
27.38	-1.71619
27.39	-1.71216
27.4	-1.70812
27.41	-1.70406
27.42	-1.69999
27.43	-1.6959
27.44	-1.69179
27.45	-1.68767
27.46	-1.68353
27.47	-1.67938
27.48	-1.67521
27.49	-1.67103
27.5	-1.66683
27.51	-1.66261
27.52	-1.65838
27.53	-1.65413
27.54	-1.64986
27.55	-1.64557
27.56	-1.64127
27.57	-1.63695
27.58	-1.63261
27.59	-1.62826
27.6	-1.62388
27.61	-1.61949
27.62	-1.61508
27.63	-1.61065
27.64	-1.6062
27.65	-1.60173
27.66	-1.59725
27.67	-1.59274
27.68	-1.58821
27.69	-1.58367
27.7	-1.5791
27.71	-1.57451
27.72	-1.5699
27.73	-1.56527
27.74	-1.56062
27.75	-1.55595
27.76	-1.55125
27.77	-1.54654
27.78	-1.5418
27.79	-1.53703
27.8	-1.53225
27.81	-1.52744
27.82	-1.52261
27.83	-1.51775
27.84	-1.51287
27.85	-1.50797
27.86	-1.50304
27.87	-1.49808
27.88	-1.4931
27.89	-1.4881
27.9	-1.48306
27.91	-1.478
27.92	-1.47292
27.93	-1.4678
27.94	-1.46266
27.95	-1.45749
27.96	-1.4523
27.97	-1.44707
27.98	-1.44181
27.99	-1.43653
28	-1.43121
28.01	-1.42587
28.02	-1.42049
28.03	-1.41508
28.04	-1.40964
28.05	-1.40417
28.06	-1.39866
28.07	-1.39312
28.08	-1.38755
28.09	-1.38194
28.1	-1.3763
28.11	-1.37062
28.12	-1.36491
28.13	-1.35915
28.14	-1.35337
28.15	-1.34754
28.16	-1.34168
28.17	-1.33577
28.18	-1.32983
28.19	-1.32385
28.2	-1.31782
28.21	-1.31175
28.22	-1.30565
28.23	-1.29949
28.24	-1.2933
28.25	-1.28706
28.26	-1.28077
28.27	-1.27444
28.28	-1.26806
28.29	-1.26163
28.3	-1.25516
28.31	-1.24863
28.32	-1.24206
28.33	-1.23543
28.34	-1.22875
28.35	-1.22202
28.36	-1.21523
28.37	-1.20839
28.38	-1.20149
28.39	-1.19454
28.4	-1.18753
28.41	-1.18045
28.42	-1.17332
28.43	-1.16612
28.44	-1.15886
28.45	-1.15154
28.46	-1.14415
28.47	-1.1367
28.48	-1.12917
28.49	-1.12158
28.5	-1.11391
28.51	-1.10617
28.52	-1.09836
28.53	-1.09047
28.54	-1.08251
28.55	-1.07447
28.56	-1.06634
28.57	-1.05813
28.58	-1.04984
28.59	-1.04147
28.6	-1.033
28.61	-1.02445
28.62	-1.0158
28.63	-1.00706
28.64	-0.998224
28.65	-0.989289
28.66	-0.980255
28.67	-0.971117
28.68	-0.961874
28.69	-0.952523
28.7	-0.943063
28.71	-0.933489
28.72	-0.9238
28.73	-0.913993
28.74	-0.904064
28.75	-0.894012
28.76	-0.883832
28.77	-0.873522
28.78	-0.863079
28.79	-0.852499
28.8	-0.841778
28.81	-0.830914
28.82	-0.819902
28.83	-0.808739
28.84	-0.797421
28.85	-0.785943
28.86	-0.774302
28.87	-0.762494
28.88	-0.750514
28.89	-0.738357
28.9	-0.726018
28.91	-0.713494
28.92	-0.700779
28.93	-0.687867
28.94	-0.674754
28.95	-0.661434
28.96	-0.647902
28.97	-0.634151
28.98	-0.620175
28.99	-0.60597
29	-0.591527
29.01	-0.576841
29.02	-0.561905
29.03	-0.546712
29.04	-0.531254
29.05	-0.515526
29.06	-0.499518
29.07	-0.483224
29.08	-0.466635
29.09	-0.449744
29.1	-0.432541
29.11	-0.41502
29.12	-0.39717
29.13	-0.378983
29.14	-0.36045
29.15	-0.341562
29.16	-0.322308
29.17	-0.302681
29.18	-0.28267
29.19	-0.262265
29.2	-0.241456
29.21	-0.220233
29.22	-0.198587
29.23	-0.176506
29.24	-0.153982
29.25	-0.131003
29.26	-0.10756
29.27	-0.0836437
29.28	-0.0592435
29.29	-0.0343504
29.3	-0.00895524
29.31	0.0169507
29.32	0.0433755
29.33	0.0703271
29.34	0.0978123
29.35	0.125837
29.36	0.154408
29.37	0.183528
29.38	0.213202
29.39	0.24343
29.4	0.274214
29.41	0.305554
29.42	0.337445
29.43	0.369884
29.44	0.402864
29.45	0.436377
29.46	0.470411
29.47	0.504952
29.48	0.539984
29.49	0.575488
29.5	0.61144
29.51	0.647816
29.52	0.684587
29.53	0.721719
29.54	0.759178
29.55	0.796923
29.56	0.834912
29.57	0.873099
29.58	0.911434
29.59	0.949863
29.6	0.988332
29.61	1.02678
29.62	1.06515
29.63	1.10337
29.64	1.14139
29.65	1.17912
29.66	1.21652
29.67	1.25351
29.68	1.29002
29.69	1.32598
29.7	1.36134
29.71	1.39603
29.72	1.43
29.73	1.46318
29.74	1.49552
29.75	1.52698
29.76	1.55751
29.77	1.58707
29.78	1.61564
29.79	1.64318
29.8	1.66967
29.81	1.69509
29.82	1.71944
29.83	1.74271
29.84	1.7649
29.85	1.78601
29.86	1.80604
29.87	1.82503
29.88	1.84297
29.89	1.85989
29.9	1.87582
29.91	1.89078
29.92	1.9048
29.93	1.91791
29.94	1.93013
29.95	1.94151
29.96	1.95208
29.97	1.96187
29.98	1.97091
29.99	1.97924
30	1.9869
30.01	1.9939
30.02	2.0003
30.03	2.00612
30.04	2.01139
30.05	2.01613
30.06	2.02039
30.07	2.02419
30.08	2.02755
30.09	2.0305
30.1	2.03306
30.11	2.03526
30.12	2.03712
30.13	2.03865
30.14	2.03989
30.15	2.04085
30.16	2.04154
30.17	2.04198
30.18	2.04219
30.19	2.04219
30.2	2.04198
30.21	2.04158
30.22	2.041
30.23	2.04025
30.24	2.03934
30.25	2.03829
30.26	2.0371
30.27	2.03579
30.28	2.03435
30.29	2.0328
30.3	2.03114
30.31	2.02938
30.32	2.02753
30.33	2.0256
30.34	2.02358
30.35	2.02148
30.36	2.01931
30.37	2.01707
30.38	2.01477
30.39	2.01241
30.4	2.00999
30.41	2.00751
30.42	2.00499
30.43	2.00242
30.44	1.9998
30.45	1.99714
30.46	1.99444
30.47	1.99171
30.48	1.98893
30.49	1.98612
30.5	1.98328
30.51	1.98041
30.52	1.9775
30.53	1.97457
30.54	1.97161
30.55	1.96863
30.56	1.96562
30.57	1.96259
30.58	1.95953
30.59	1.95645
30.6	1.95335
30.61	1.95024
30.62	1.9471
30.63	1.94394
30.64	1.94076
30.65	1.93757
30.66	1.93436
30.67	1.93113
30.68	1.92788
30.69	1.92462
30.7	1.92135
30.71	1.91805
30.72	1.91475
30.73	1.91143
30.74	1.90809
30.75	1.90474
30.76	1.90138
30.77	1.898
30.78	1.89461
30.79	1.8912
30.8	1.88779
30.81	1.88436
30.82	1.88091
30.83	1.87746
30.84	1.87399
30.85	1.87051
30.86	1.86701
30.87	1.86351
30.88	1.85999
30.89	1.85646
30.9	1.85291
30.91	1.84936
30.92	1.84579
30.93	1.84221
30.94	1.83862
30.95	1.83501
30.96	1.8314
30.97	1.82777
30.98	1.82413
30.99	1.82047
31	1.81681
31.01	1.81313
31.02	1.80944
31.03	1.80573
31.04	1.80202
31.05	1.79829
31.06	1.79455
31.07	1.7908
31.08	1.78703
31.09	1.78325
31.1	1.77946
31.11	1.77565
31.12	1.77184
31.13	1.768
31.14	1.76416
31.15	1.7603
31.16	1.75643
31.17	1.75254
31.18	1.74865
31.19	1.74473
31.2	1.74081
31.21	1.73687
31.22	1.73291
31.23	1.72894
31.24	1.72496
31.25	1.72097
31.26	1.71695
31.27	1.71293
31.28	1.70889
31.29	1.70483
31.3	1.70076
31.31	1.69667
31.32	1.69257
31.33	1.68845
31.34	1.68432
31.35	1.68017
31.36	1.676
31.37	1.67182
31.38	1.66763
31.39	1.66341
31.4	1.65918
31.41	1.65493
31.42	1.65067
31.43	1.64639
31.44	1.64209
31.45	1.63777
31.46	1.63344
31.47	1.62908
31.48	1.62471
31.49	1.62033
31.5	1.61592
31.51	1.61149
31.52	1.60705
31.53	1.60258
31.54	1.5981
31.55	1.5936
31.56	1.58907
31.57	1.58453
31.58	1.57997
31.59	1.57538
31.6	1.57078
31.61	1.56615
31.62	1.5615
31.63	1.55683
31.64	1.55214
31.65	1.54743
31.66	1.5427
31.67	1.53794
31.68	1.53316
31.69	1.52835
31.7	1.52353
31.71	1.51867
31.72	1.5138
31.73	1.5089
31.74	1.50397
31.75	1.49902
31.76	1.49405
31.77	1.48905
31.78	1.48402
31.79	1.47896
31.8	1.47388
31.81	1.46877
31.82	1.46364
31.83	1.45848
31.84	1.45328
31.85	1.44806
31.86	1.44281
31.87	1.43753
31.88	1.43222
31.89	1.42688
31.9	1.42151
31.91	1.41611
31.92	1.41067
31.93	1.40521
31.94	1.39971
31.95	1.39417
31.96	1.38861
31.97	1.38301
31.98	1.37737
31.99	1.3717
32	1.36599
32.01	1.36025
32.02	1.35447
32.03	1.34865
32.04	1.34279
32.05	1.33689
32.06	1.33096
32.07	1.32498
32.08	1.31896
32.09	1.31291
32.1	1.30681
32.11	1.30066
32.12	1.29447
32.13	1.28824
32.14	1.28197
32.15	1.27564
32.16	1.26927
32.17	1.26286
32.18	1.25639
32.19	1.24987
32.2	1.24331
32.21	1.23669
32.22	1.23002
32.23	1.2233
32.24	1.21652
32.25	1.20969
32.26	1.20281
32.27	1.19586
32.28	1.18886
32.29	1.1818
32.3	1.17467
32.31	1.16749
32.32	1.16024
32.33	1.15293
32.34	1.14556
32.35	1.13811
32.36	1.1306
32.37	1.12302
32.38	1.11537
32.39	1.10765
32.4	1.09985
32.41	1.09197
32.42	1.08402
32.43	1.076
32.44	1.06789
32.45	1.0597
32.46	1.05142
32.47	1.04306
32.48	1.03461
32.49	1.02607
32.5	1.01745
32.51	1.00872
32.52	0.999905
32.53	0.99099
32.54	0.981974
32.55	0.972856
32.56	0.963633
32.57	0.954303
32.58	0.944863
32.59	0.935311
32.6	0.925645
32.61	0.91586
32.62	0.905955
32.63	0.895926
32.64	0.885771
32.65	0.875486
32.66	0.865068
32.67	0.854514
32.68	0.84382
32.69	0.832983
32.7	0.822
32.71	0.810865
32.72	0.799577
32.73	0.78813
32.74	0.77652
32.75	0.764744
32.76	0.752796
32.77	0.740673
32.78	0.72837
32.79	0.715881
32.8	0.703202
32.81	0.690328
32.82	0.677254
32.83	0.663974
32.84	0.650482
32.85	0.636773
32.86	0.62284
32.87	0.608679
32.88	0.594281
32.89	0.579642
32.9	0.564754
32.91	0.54961
32.92	0.534203
32.93	0.518526
32.94	0.502572
32.95	0.486333
32.96	0.4698
32.97	0.452967
32.98	0.435824
32.99	0.418364
33	0.400577
33.01	0.382454
33.02	0.363988
33.03	0.345167
33.04	0.325984
33.05	0.306429
33.06	0.286491
33.07	0.266161
33.08	0.245429
33.09	0.224286
33.1	0.20272
33.11	0.180723
33.12	0.158283
33.13	0.135391
33.14	0.112037
33.15	0.0882112
33.16	0.0639034
33.17	0.0391044
33.18	0.013805
33.19	-0.0120035
33.2	-0.0383295
33.21	-0.0651807
33.22	-0.0925643
33.23	-0.120487
33.24	-0.148954
33.25	-0.177969
33.26	-0.207538
33.27	-0.237661
33.28	-0.26834
33.29	-0.299574
33.3	-0.331361
33.31	-0.363697
33.32	-0.396575
33.33	-0.429988
33.34	-0.463924
33.35	-0.49837
33.36	-0.533311
33.37	-0.568727
33.38	-0.604596
33.39	-0.640894
33.4	-0.677592
33.41	-0.714659
33.42	-0.752058
33.43	-0.789753
33.44	-0.827699
33.45	-0.865852
33.46	-0.904163
33.47	-0.942579
33.48	-0.981044
33.49	-1.0195
33.5	-1.05789
33.51	-1.09614
33.52	-1.1342
33.53	-1.172
33.54	-1.20947
33.55	-1.24653
33.56	-1.28314
33.57	-1.31921
33.58	-1.35469
33.59	-1.38952
33.6	-1.42362
33.61	-1.45695
33.62	-1.48946
33.63	-1.52109
33.64	-1.5518
33.65	-1.58155
33.66	-1.6103
33.67	-1.63804
33.68	-1.66473
33.69	-1.69036
33.7	-1.71491
33.71	-1.73839
33.72	-1.76078
33.73	-1.78209
33.74	-1.80233
33.75	-1.82151
33.76	-1.83965
33.77	-1.85676
33.78	-1.87288
33.79	-1.88802
33.8	-1.90221
33.81	-1.91549
33.82	-1.92788
33.83	-1.93942
33.84	-1.95014
33.85	-1.96007
33.86	-1.96925
33.87	-1.97772
33.88	-1.9855
33.89	-1.99262
33.9	-1.99914
33.91	-2.00506
33.92	-2.01043
33.93	-2.01527
33.94	-2.01962
33.95	-2.0235
33.96	-2.02694
33.97	-2.02997
33.98	-2.0326
33.99	-2.03487
34	-2.03679
34.01	-2.03839
34.02	-2.03968
34.03	-2.04069
34.04	-2.04143
34.05	-2.04192
34.06	-2.04217
34.07	-2.0422
34.08	-2.04203
34.09	-2.04167
34.1	-2.04112
34.11	-2.0404
34.12	-2.03953
34.13	-2.0385
34.14	-2.03734
34.15	-2.03605
34.16	-2.03463
34.17	-2.0331
34.18	-2.03146
34.19	-2.02972
34.2	-2.02789
34.21	-2.02597
34.22	-2.02396
34.23	-2.02188
34.24	-2.01973
34.25	-2.0175
34.26	-2.01521
34.27	-2.01286
34.28	-2.01045
34.29	-2.00799
34.3	-2.00547
34.31	-2.00291
34.32	-2.0003
34.33	-1.99765
34.34	-1.99496
34.35	-1.99223
34.36	-1.98946
34.37	-1.98666
34.38	-1.98382
34.39	-1.98095
34.4	-1.97806
34.41	-1.97513
34.42	-1.97218
34.43	-1.9692
34.44	-1.96619
34.45	-1.96316
34.46	-1.96011
34.47	-1.95704
34.48	-1.95394
34.49	-1.95083
34.5	-1.94769
34.51	-1.94454
34.52	-1.94137
34.53	-1.93817
34.54	-1.93497
34.55	-1.93174
34.56	-1.9285
34.57	-1.92524
34.58	-1.92197
34.59	-1.91868
34.6	-1.91537
34.61	-1.91206
34.62	-1.90872
34.63	-1.90538
34.64	-1.90201
34.65	-1.89864
34.66	-1.89525
34.67	-1.89185
34.68	-1.88843
34.69	-1.88501
34.7	-1.88157
34.71	-1.87811
34.72	-1.87465
34.73	-1.87117
34.74	-1.86768
34.75	-1.86417
34.76	-1.86066
34.77	-1.85713
34.78	-1.85359
34.79	-1.85003
34.8	-1.84647
34.81	-1.84289
34.82	-1.8393
34.83	-1.8357
34.84	-1.83208
34.85	-1.82846
34.86	-1.82482
34.87	-1.82117
34.88	-1.8175
34.89	-1.81383
34.9	-1.81014
34.91	-1.80644
34.92	-1.80272
34.93	-1.799
34.94	-1.79526
34.95	-1.79151
34.96	-1.78774
34.97	-1.78397
34.98	-1.78018
34.99	-1.77638
