-0.0379653	1.18813
-0.026084	1.20037
-0.0140803	1.21263
-0.00195404	1.22489
0.0102949	1.23716
0.0226665	1.24943
0.0351608	1.26169
0.0477776	1.27394
0.060517	1.28617
0.0733787	1.29838
0.0863625	1.31056
0.0994682	1.3227
0.112695	1.33481
0.126043	1.34686
0.139512	1.35885
0.1531	1.37078
0.166808	1.38264
0.180635	1.39441
0.194579	1.40609
0.20864	1.41768
0.222816	1.42915
0.237108	1.4405
0.251513	1.45173
0.26603	1.46281
0.280658	1.47374
0.295396	1.48451
0.310241	1.49511
0.325192	1.50552
0.340247	1.51573
0.355404	1.52573
0.370662	1.53551
0.386017	1.54504
0.401467	1.55433
0.41701	1.56336
0.432644	1.5721
0.448365	1.58055
0.464171	1.5887
0.480058	1.59652
0.496023	1.60401
0.512063	1.61114
0.528174	1.6179
0.544353	1.62429
0.560596	1.63027
0.576899	1.63585
0.593257	1.64099
0.609667	1.6457
0.626124	1.64994
0.642624	1.65371
0.659161	1.65699
0.675731	1.65977
0.692328	1.66203
0.708949	1.66376
0.725586	1.66495
0.742236	1.66558
0.758891	1.66563
0.775548	1.66511
0.792199	1.66399
0.808839	1.66226
0.825461	1.65992
0.842061	1.65696
0.85863	1.65336
0.875164	1.64911
0.891655	1.64422
0.908097	1.63868
0.924484	1.63247
0.940809	1.6256
0.957064	1.61806
0.973245	1.60984
0.989343	1.60096
1.00535	1.59141
1.02127	1.58118
1.03708	1.57029
1.05278	1.55873
1.06837	1.54652
1.08383	1.53365
1.09917	1.52013
1.11437	1.50597
1.12943	1.49119
1.14434	1.47578
1.1591	1.45977
1.1737	1.44317
1.18813	1.42598
1.20239	1.40823
1.21647	1.38993
1.23037	1.37109
1.24408	1.35175
1.2576	1.3319
1.27092	1.31158
1.28404	1.2908
1.29694	1.26959
1.30964	1.24796
1.32212	1.22594
1.33438	1.20355
1.34641	1.18081
1.35822	1.15774
1.3698	1.13438
1.38114	1.11074
1.39225	1.08685
1.40312	1.06273
1.41375	1.0384
1.42413	1.0139
1.43427	0.98923
1.44416	0.96443
1.45381	0.939519
1.4632	0.914518
1.47235	0.889452
1.48124	0.864342
1.48988	0.839208
1.49828	0.814073
1.50642	0.788957
1.51431	0.763878
1.52195	0.738857
1.52933	0.713912
1.53647	0.689061
1.54336	0.664319
1.55001	0.639705
1.5564	0.615233
1.56256	0.590918
1.56847	0.566774
1.57413	0.542814
1.57956	0.51905
1.58475	0.495495
1.58971	0.472158
1.59443	0.44905
1.59892	0.426181
1.60318	0.403558
1.60722	0.381189
1.61103	0.359083
1.61462	0.337243
1.61799	0.315678
1.62115	0.29439
1.62409	0.273386
1.62683	0.252668
1.62935	0.232239
1.63168	0.212103
1.6338	0.19226
1.63572	0.172713
1.63745	0.153462
1.63898	0.134507
1.64033	0.115849
1.64148	0.0974872
1.64246	0.0794205
1.64325	0.0616476
1.64387	0.0441669
1.64431	0.0269763
1.64458	0.0100736
1.64468	-0.00654394
1.64462	-0.0228792
1.64439	-0.0389353
1.644	-0.0547157
1.64345	-0.0702241
1.64275	-0.0854641
1.64189	-0.10044
1.64089	-0.115156
1.63974	-0.129615
1.63844	-0.143824
1.637	-0.157786
1.63543	-0.171505
1.63371	-0.184987
1.63186	-0.198237
1.62988	-0.211259
1.62777	-0.224058
1.62553	-0.23664
1.62316	-0.249009
1.62067	-0.26117
1.61806	-0.273128
1.61533	-0.28489
1.61248	-0.296458
1.60951	-0.307839
1.60643	-0.319038
1.60324	-0.33006
1.59994	-0.340909
1.59653	-0.351591
1.59302	-0.36211
1.5894	-0.372472
1.58567	-0.382682
1.58185	-0.392743
1.57792	-0.402662
1.57389	-0.412442
1.56977	-0.422089
1.56555	-0.431606
1.56123	-0.440999
1.55682	-0.450272
1.55232	-0.45943
1.54772	-0.468477
1.54304	-0.477417
1.53826	-0.486254
1.5334	-0.494993
1.52845	-0.503638
1.52342	-0.512193
1.51829	-0.520663
1.51309	-0.52905
1.5078	-0.537359
1.50242	-0.545594
1.49697	-0.553758
1.49143	-0.561856
1.48581	-0.569892
1.48011	-0.577868
1.47433	-0.585788
1.46848	-0.593656
1.46254	-0.601476
1.45652	-0.60925
1.45043	-0.616983
1.44426	-0.624677
1.43801	-0.632336
1.43169	-0.639964
1.42529	-0.647563
1.41882	-0.655136
1.41226	-0.662688
1.40564	-0.67022
1.39894	-0.677736
1.39216	-0.68524
1.38531	-0.692733
1.37838	-0.700219
1.37138	-0.707702
1.3643	-0.715183
1.35715	-0.722666
1.34992	-0.730154
1.34262	-0.737649
1.33524	-0.745154
1.32779	-0.752673
1.32026	-0.760208
1.31266	-0.767762
1.30498	-0.775337
1.29723	-0.782936
1.2894	-0.790562
1.2815	-0.798218
1.27351	-0.805907
1.26546	-0.813631
1.25732	-0.821392
1.24911	-0.829194
1.24081	-0.83704
1.23244	-0.844931
1.22399	-0.852871
1.21546	-0.860862
1.20686	-0.868908
1.19817	-0.87701
1.1894	-0.885171
1.18055	-0.893394
1.17161	-0.901683
1.16259	-0.910039
1.15349	-0.918465
1.14431	-0.926964
1.13504	-0.935538
1.12568	-0.944191
1.11624	-0.952926
1.10671	-0.961744
1.0971	-0.970649
1.08739	-0.979643
1.07759	-0.98873
1.06771	-0.997912
1.05773	-1.00719
1.04765	-1.01657
1.03749	-1.02606
1.02723	-1.03565
1.01687	-1.04535
1.00642	-1.05516
0.995867	-1.06509
0.985216	-1.07514
0.974464	-1.08531
0.963611	-1.0956
0.952655	-1.10602
0.941595	-1.11656
0.930429	-1.12725
0.919157	-1.13807
0.907776	-1.14902
0.896286	-1.16012
0.884685	-1.17137
0.872971	-1.18276
0.861144	-1.1943
0.849201	-1.206
0.837141	-1.21786
0.824962	-1.22987
0.812663	-1.24205
0.800243	-1.25439
0.787699	-1.26691
0.77503	-1.27959
0.762234	-1.29245
0.749309	-1.30549
0.736255	-1.31871
0.723067	-1.33211
0.709746	-1.3457
0.696289	-1.35947
0.682695	-1.37344
0.66896	-1.3876
0.655084	-1.40195
0.641065	-1.41651
0.6269	-1.43126
0.612587	-1.44622
0.598125	-1.46138
0.583511	-1.47675
0.568744	-1.49232
0.55382	-1.50811
0.538739	-1.5241
0.523498	-1.5403
0.508095	-1.55672
0.492528	-1.57335
0.476794	-1.59019
0.460893	-1.60725
0.44482	-1.62451
0.428575	-1.64199
0.412155	-1.65968
0.395558	-1.67758
0.378782	-1.69569
0.361825	-1.714
0.344685	-1.73252
0.32736	-1.75123
0.309848	-1.77014
0.292147	-1.78924
0.274254	-1.80853
0.256169	-1.82799
0.237889	-1.84763
0.219413	-1.86744
0.200738	-1.88741
0.181864	-1.90753
0.162789	-1.9278
0.143511	-1.94819
0.124029	-1.96871
0.104342	-1.98933
0.0844485	-2.01005
0.0643479	-2.03086
0.0440394	-2.05172
0.0235221	-2.07264
0.00279573	-2.09359
-0.0181402	-2.11455
-0.0392857	-2.13551
-0.0606408	-2.15644
-0.0822053	-2.17732
-0.103978	-2.19812
-0.12596	-2.21883
-0.148148	-2.2394
-0.170542	-2.25983
-0.19314	-2.28006
-0.215941	-2.30008
-0.238942	-2.31985
-0.26214	-2.33933
-0.285533	-2.3585
-0.309118	-2.3773
-0.332892	-2.39571
-0.356849	-2.41369
-0.380986	-2.43118
-0.405297	-2.44816
-0.429779	-2.46456
-0.454425	-2.48036
-0.479228	-2.4955
-0.504183	-2.50993
-0.529282	-2.5236
-0.554518	-2.53648
-0.579883	-2.5485
-0.605368	-2.55961
-0.630964	-2.56978
-0.656662	-2.57893
-0.682451	-2.58704
-0.708322	-2.59403
-0.734262	-2.59988
-0.760261	-2.60452
-0.786306	-2.6079
-0.812385	-2.61
-0.838485	-2.61075
-0.864593	-2.61011
-0.890694	-2.60806
-0.916774	-2.60454
-0.94282	-2.59953
-0.968815	-2.59299
-0.994745	-2.58489
-1.02059	-2.57522
-1.04635	-2.56394
-1.07199	-2.55104
-1.0975	-2.53652
-1.12286	-2.52036
-1.14806	-2.50255
-1.17309	-2.48311
-1.19792	-2.46204
-1.22254	-2.43935
-1.24694	-2.41506
-1.27109	-2.38919
-1.29498	-2.36177
-1.3186	-2.33284
-1.34192	-2.30242
-1.36495	-2.27056
-1.38765	-2.23731
-1.41003	-2.20273
-1.43205	-2.16686
-1.45372	-2.12977
-1.47502	-2.09152
-1.49594	-2.05218
-1.51646	-2.01182
-1.53658	-1.97051
-1.55628	-1.92833
-1.57556	-1.88534
-1.59442	-1.84164
-1.61283	-1.79729
-1.63081	-1.75239
-1.64833	-1.707
-1.6654	-1.6612
-1.68201	-1.61509
-1.69816	-1.56873
-1.71385	-1.52219
-1.72907	-1.47556
-1.74383	-1.42891
-1.75812	-1.38231
-1.77194	-1.33583
-1.7853	-1.28953
-1.79819	-1.24347
-1.81063	-1.19771
-1.82261	-1.15232
-1.83413	-1.10734
-1.8452	-1.06282
-1.85583	-1.01881
-1.86602	-0.975347
-1.87577	-0.932478
-1.8851	-0.890236
-1.894	-0.848652
-1.90249	-0.807756
-1.91056	-0.767572
-1.91824	-0.728124
-1.92552	-0.68943
-1.93241	-0.651508
-1.93893	-0.61437
-1.94507	-0.578027
-1.95085	-0.542488
-1.95628	-0.507759
-1.96136	-0.473841
-1.96609	-0.440738
-1.9705	-0.408447
-1.97459	-0.376967
-1.97836	-0.346293
-1.98182	-0.316419
-1.98498	-0.287337
-1.98786	-0.259039
-1.99045	-0.231515
-1.99276	-0.204753
-1.99481	-0.178742
-1.9966	-0.153469
-1.99813	-0.12892
-1.99942	-0.105081
-2.00047	-0.0819364
-2.00129	-0.0594721
-2.00189	-0.0376719
-2.00226	-0.0165201
-2.00243	0.00399966
-2.00239	0.0239036
-2.00215	0.043208
-2.00172	0.0619296
-2.0011	0.0800846
-2.0003	0.0976895
-1.99932	0.114761
-1.99817	0.131314
-1.99686	0.147366
-1.99539	0.162932
-1.99376	0.178028
-1.99198	0.192669
-1.99005	0.206871
-1.98798	0.220647
-1.98577	0.234013
-1.98343	0.246983
-1.98096	0.259571
-1.97837	0.27179
-1.97565	0.283654
-1.97281	0.295176
-1.96986	0.306367
-1.9668	0.317241
-1.96363	0.32781
-1.96035	0.338085
-1.95697	0.348076
-1.95349	0.357797
-1.94991	0.367255
-1.94624	0.376464
-1.94247	0.385431
-1.93862	0.394167
-1.93467	0.402681
-1.93065	0.410982
-1.92654	0.41908
-1.92235	0.426981
-1.91808	0.434696
-1.91373	0.442231
-1.90931	0.449595
-1.90481	0.456794
-1.90024	0.463836
-1.89561	0.470728
-1.8909	0.477477
-1.88612	0.484088
-1.88128	0.490569
-1.87638	0.496925
-1.87141	0.503162
-1.86638	0.509287
-1.86128	0.515303
-1.85613	0.521217
-1.85092	0.527033
-1.84565	0.532757
-1.84032	0.538393
-1.83494	0.543946
-1.8295	0.54942
-1.824	0.55482
-1.81845	0.56015
-1.81285	0.565413
-1.8072	0.570613
-1.80149	0.575755
-1.79574	0.580843
-1.78993	0.585878
-1.78407	0.590866
-1.77816	0.595808
-1.7722	0.600709
-1.76619	0.605572
-1.76014	0.610399
-1.75403	0.615194
-1.74788	0.619959
-1.74168	0.624697
-1.73544	0.629411
-1.72914	0.634103
-1.7228	0.638776
-1.71641	0.643433
-1.70998	0.648075
-1.7035	0.652706
-1.69697	0.657327
-1.6904	0.661941
-1.68378	0.66655
-1.67711	0.671156
-1.6704	0.675761
-1.66364	0.680367
-1.65684	0.684976
-1.64999	0.689591
-1.64309	0.694213
-1.63615	0.698844
-1.62916	0.703486
-1.62213	0.708141
-1.61505	0.71281
-1.60792	0.717496
-1.60074	0.7222
-1.59352	0.726924
-1.58625	0.731669
-1.57894	0.736438
-1.57157	0.741232
-1.56416	0.746053
-1.5567	0.750902
-1.54919	0.755782
-1.54163	0.760693
-1.53403	0.765637
-1.52637	0.770616
-1.51866	0.775632
-1.51091	0.780687
-1.5031	0.785781
-1.49524	0.790916
-1.48733	0.796095
-1.47937	0.801318
-1.47136	0.806588
-1.46329	0.811906
-1.45517	0.817273
-1.447	0.822692
-1.43877	0.828163
-1.43049	0.833689
-1.42216	0.839271
-1.41376	0.84491
-1.40531	0.85061
-1.39681	0.85637
-1.38824	0.862194
-1.37962	0.868082
-1.37094	0.874036
-1.3622	0.880058
-1.3534	0.886151
-1.34454	0.892315
-1.33562	0.898552
-1.32663	0.904865
-1.31758	0.911255
-1.30847	0.917723
-1.29929	0.924273
-1.29005	0.930905
-1.28074	0.937623
-1.27136	0.944426
-1.26192	0.951319
-1.25241	0.958302
-1.24282	0.965378
-1.23317	0.972549
-1.22344	0.979816
-1.21365	0.987183
-1.20377	0.994651
-1.19383	1.00222
-1.18381	1.0099
-1.17371	1.01768
-1.16353	1.02558
-1.15327	1.03358
-1.14294	1.04171
-1.13252	1.04994
-1.12202	1.0583
-1.11144	1.06678
-1.10077	1.07539
-1.09002	1.08412
-1.07918	1.09298
-1.06825	1.10197
-1.05723	1.1111
-1.04612	1.12036
-1.03491	1.12977
-1.02361	1.13931
-1.01222	1.149
-1.00073	1.15884
-0.989142	1.16883
-0.977454	1.17898
-0.965664	1.18928
-0.953772	1.19974
-0.941774	1.21036
-0.929671	1.22114
-0.917459	1.2321
-0.905138	1.24322
-0.892706	1.25452
-0.880161	1.266
-0.867501	1.27765
-0.854724	1.28949
-0.841829	1.30151
-0.828814	1.31372
-0.815677	1.32612
-0.802416	1.33871
-0.789029	1.35151
-0.775514	1.3645
-0.761869	1.37769
-0.748092	1.39109
-0.734181	1.4047
-0.720134	1.41851
-0.705949	1.43254
-0.691623	1.44679
-0.677155	1.46125
-0.662543	1.47594
-0.647784	1.49084
-0.632875	1.50597
-0.617815	1.52133
-0.602602	1.53691
-0.587233	1.55273
-0.571706	1.56877
-0.556018	1.58505
-0.540167	1.60156
-0.524152	1.61831
-0.507969	1.63528
-0.491616	1.6525
-0.475091	1.66994
-0.458392	1.68763
-0.441515	1.70554
-0.42446	1.72369
-0.407223	1.74206
-0.389802	1.76067
-0.372196	1.77949
-0.354401	1.79855
-0.336415	1.81782
-0.318237	1.8373
-0.299864	1.857
-0.281294	1.8769
-0.262525	1.89699
-0.243555	1.91728
-0.224383	1.93775
-0.205005	1.9584
-0.185421	1.97921
-0.165629	2.00017
-0.145627	2.02128
-0.125414	2.04252
-0.104989	2.06388
-0.0843504	2.08534
-0.063497	2.10689
-0.0424281	2.12851
-0.021143	2.15018
0.000358797	2.17188
0.0220776	2.1936
0.0440136	2.2153
0.0661667	2.23697
0.0885364	2.25858
0.111122	2.28011
0.133923	2.30152
0.156939	2.32278
0.180166	2.34387
0.203605	2.36474
0.227252	2.38537
0.251106	2.40572
0.275163	2.42575
0.299421	2.44542
0.323875	2.46469
0.348522	2.48351
0.373357	2.50184
0.398375	2.51964
0.423572	2.53686
0.44894	2.55344
0.474475	2.56934
0.500168	2.5845
0.526013	2.59888
0.552002	2.61242
0.578126	2.62506
0.604377	2.63676
0.630744	2.64745
0.657219	2.65708
0.68379	2.6656
0.710446	2.67296
0.737175	2.67909
0.763966	2.68395
0.790806	2.68749
0.817681	2.68965
0.844577	2.69038
0.871481	2.68965
0.898377	2.68741
0.925251	2.68361
0.952087	2.67822
0.97887	2.6712
1.00558	2.66253
1.03221	2.65217
1.05873	2.64012
1.08513	2.62634
1.11139	2.61082
1.1375	2.59357
1.16344	2.57457
1.18918	2.55383
1.21472	2.53137
1.24003	2.50718
1.26511	2.4813
1.28992	2.45375
1.31446	2.42456
1.3387	2.39377
1.36264	2.36142
1.38625	2.32756
1.40953	2.29224
1.43245	2.25553
1.45501	2.21748
1.47718	2.17816
1.49896	2.13764
1.52034	2.096
1.5413	2.05331
1.56183	2.00965
1.58193	1.9651
1.60158	1.91976
1.62078	1.8737
1.63952	1.82701
1.65779	1.77977
1.67558	1.73208
1.6929	1.68401
1.70974	1.63566
1.7261	1.58711
1.74197	1.53843
1.75736	1.48971
1.77225	1.44103
1.78666	1.39245
1.80059	1.34406
1.81403	1.29592
1.82699	1.2481
1.83947	1.20065
1.85148	1.15363
1.86301	1.10711
1.87408	1.06112
1.88469	1.01573
1.89485	0.970957
1.90456	0.926856
1.91383	0.883458
1.92266	0.840796
1.93107	0.798896
1.93906	0.757783
1.94664	0.717478
1.95381	0.677998
1.96059	0.639358
1.96699	0.601569
1.973	0.56464
1.97865	0.528577
1.98394	0.493382
1.98887	0.459057
1.99346	0.4256
1.99772	0.393009
2.00165	0.361277
2.00526	0.330399
2.00856	0.300365
2.01157	0.271165
2.01428	0.242789
2.01671	0.215223
2.01886	0.188455
2.02074	0.16247
2.02237	0.137253
2.02374	0.112788
2.02487	0.0890592
2.02576	0.0660496
2.02642	0.0437421
2.02686	0.0221191
2.02708	0.00116304
2.02709	-0.0191439
2.0269	-0.0388196
2.02651	-0.0578819
2.02593	-0.0763488
2.02517	-0.0942379
2.02422	-0.111567
2.02311	-0.128353
2.02183	-0.144615
2.02038	-0.160367
2.01878	-0.175629
2.01702	-0.190415
2.01512	-0.204743
2.01307	-0.218627
2.01088	-0.232085
2.00856	-0.24513
2.00611	-0.257777
2.00353	-0.270042
2.00083	-0.281938
1.99801	-0.293479
1.99508	-0.304678
1.99203	-0.315548
1.98887	-0.326102
1.98561	-0.336353
1.98225	-0.346311
1.97879	-0.355989
1.97523	-0.365398
1.97157	-0.374548
1.96783	-0.38345
1.96399	-0.392114
1.96007	-0.40055
1.95607	-0.408768
1.95198	-0.416776
1.94781	-0.424584
1.94357	-0.432199
1.93924	-0.43963
1.93485	-0.446886
1.93038	-0.453974
1.92584	-0.460901
1.92123	-0.467674
1.91655	-0.4743
1.91181	-0.480787
1.907	-0.48714
1.90213	-0.493366
1.8972	-0.499471
1.8922	-0.505459
1.88715	-0.511338
1.88203	-0.517113
1.87686	-0.522788
1.87163	-0.528369
1.86635	-0.53386
1.86101	-0.539266
1.85562	-0.544592
1.85017	-0.549842
1.84468	-0.555021
1.83913	-0.560131
1.83352	-0.565178
1.82787	-0.570165
1.82217	-0.575095
1.81642	-0.579973
1.81062	-0.584801
1.80477	-0.589584
1.79888	-0.594323
1.79293	-0.599023
1.78694	-0.603687
1.78091	-0.608316
1.77482	-0.612915
1.76869	-0.617486
1.76252	-0.622031
1.7563	-0.626553
1.75003	-0.631055
1.74372	-0.635539
1.73737	-0.640008
1.73097	-0.644463
1.72452	-0.648908
1.71803	-0.653344
1.7115	-0.657773
1.70492	-0.662198
1.6983	-0.666621
1.69163	-0.671043
1.68492	-0.675467
1.67817	-0.679895
1.67137	-0.684328
1.66453	-0.688768
1.65764	-0.693218
1.65071	-0.697679
1.64373	-0.702152
1.63671	-0.70664
1.62964	-0.711143
1.62253	-0.715665
1.61537	-0.720207
1.60817	-0.724769
1.60092	-0.729354
1.59363	-0.733964
1.58629	-0.7386
1.5789	-0.743263
1.57147	-0.747956
1.56399	-0.752679
1.55647	-0.757435
1.54889	-0.762224
1.54127	-0.767049
1.5336	-0.771911
1.52588	-0.776811
1.51811	-0.781752
1.51029	-0.786734
1.50243	-0.791759
1.49451	-0.796828
1.48654	-0.801944
1.47852	-0.807107
1.47045	-0.81232
1.46233	-0.817584
1.45415	-0.8229
1.44592	-0.828269
1.43764	-0.833695
1.4293	-0.839177
1.42091	-0.844718
1.41246	-0.85032
1.40396	-0.855983
1.3954	-0.861711
1.38678	-0.867503
1.37811	-0.873362
1.36937	-0.87929
1.36058	-0.885289
1.35173	-0.891359
1.34282	-0.897503
1.33384	-0.903723
1.3248	-0.91002
1.3157	-0.916397
1.30654	-0.922854
1.29731	-0.929395
1.28802	-0.93602
1.27866	-0.942732
1.26923	-0.949532
1.25973	-0.956423
1.25017	-0.963407
1.24054	-0.970486
1.23083	-0.977661
1.22105	-0.984935
1.2112	-0.99231
1.20128	-0.999787
1.19128	-1.00737
1.18121	-1.01506
1.17106	-1.02286
1.16083	-1.03077
1.15052	-1.0388
1.14013	-1.04694
1.12967	-1.0552
1.11911	-1.06359
1.10848	-1.07209
1.09776	-1.08072
1.08695	-1.08949
1.07605	-1.09838
1.06507	-1.1074
1.054	-1.11657
1.04283	-1.12587
1.03157	-1.13531
1.02022	-1.1449
1.00877	-1.15463
0.997224	-1.16452
0.985579	-1.17456
0.973833	-1.18475
0.961986	-1.1951
0.950035	-1.20561
0.937979	-1.21628
0.925816	-1.22713
0.913545	-1.23814
0.901163	-1.24932
0.88867	-1.26068
0.876063	-1.27222
0.863341	-1.28394
0.850502	-1.29584
0.837543	-1.30793
0.824464	-1.32021
0.811262	-1.33268
0.797935	-1.34535
0.784482	-1.35822
0.770899	-1.37129
0.757187	-1.38456
0.743341	-1.39804
0.729361	-1.41173
0.715243	-1.42563
0.700987	-1.43974
0.68659	-1.45408
0.672049	-1.46863
0.657363	-1.4834
0.642529	-1.4984
0.627545	-1.51362
0.612408	-1.52907
0.597118	-1.54475
0.58167	-1.56066
0.566064	-1.57681
0.550296	-1.59318
0.534364	-1.60979
0.518266	-1.62664
0.501999	-1.64372
0.485562	-1.66103
0.468952	-1.67858
0.452166	-1.69637
0.435202	-1.71438
0.418059	-1.73263
0.400732	-1.75111
0.383221	-1.76982
0.365523	-1.78875
0.347636	-1.8079
0.329557	-1.82727
0.311284	-1.84686
0.292815	-1.86665
0.274149	-1.88664
0.255282	-1.90683
0.236214	-1.92721
0.216942	-1.94777
0.197464	-1.9685
0.177779	-1.98939
0.157885	-2.01043
0.137781	-2.03162
0.117465	-2.05292
0.0969356	-2.07435
0.0761922	-2.09586
0.0552335	-2.11746
0.0340589	-2.13912
0.0126677	-2.16083
-0.00894064	-2.18256
-0.0307663	-2.2043
-0.0528092	-2.22601
-0.0750694	-2.24768
-0.0975462	-2.26928
-0.120239	-2.29078
-0.143147	-2.31216
