2.00455	1.79585
2.02251	1.7216
2.03973	1.64817
2.05621	1.57568
2.07197	1.50426
2.08701	1.434
2.10135	1.36501
2.115	1.29738
2.12797	1.23117
2.14028	1.16645
2.15195	1.10328
2.16298	1.0417
2.1734	0.981749
2.18322	0.923458
2.19245	0.866845
2.20112	0.811921
2.20924	0.758692
2.21683	0.707157
2.2239	0.657308
2.23047	0.609134
2.23656	0.562616
2.24219	0.517733
2.24736	0.47446
2.25211	0.432768
2.25644	0.392624
2.26036	0.353996
2.2639	0.316846
2.26707	0.281136
2.26988	0.246827
2.27235	0.213879
2.27449	0.182251
2.27631	0.1519
2.27783	0.122785
2.27906	0.0948638
2.28001	0.0680945
2.28069	0.0424355
2.28111	0.0178456
2.28129	-0.00571563
2.28123	-0.0282882
2.28095	-0.0499113
2.28045	-0.0706232
2.27975	-0.0904612
2.27884	-0.109462
2.27775	-0.12766
2.27647	-0.145091
2.27502	-0.161788
2.2734	-0.177782
2.27162	-0.193106
2.26969	-0.207788
2.26762	-0.221859
2.2654	-0.235345
2.26304	-0.248275
2.26056	-0.260673
2.25795	-0.272564
2.25523	-0.283973
2.25239	-0.294922
2.24944	-0.305433
2.24638	-0.315527
2.24323	-0.325224
2.23998	-0.334543
2.23663	-0.343503
2.2332	-0.35212
2.22968	-0.360412
2.22607	-0.368396
2.22239	-0.376085
2.21863	-0.383495
2.21479	-0.390639
2.21089	-0.397531
2.20691	-0.404184
2.20287	-0.41061
2.19876	-0.416819
2.19459	-0.422823
2.19037	-0.428633
2.18608	-0.434259
2.18174	-0.439709
2.17734	-0.444994
2.17289	-0.450121
2.16839	-0.455099
2.16384	-0.459935
2.15924	-0.464638
2.15459	-0.469214
2.1499	-0.47367
2.14516	-0.478012
2.14038	-0.482247
2.13556	-0.48638
2.1307	-0.490418
2.12579	-0.494365
2.12085	-0.498226
2.11587	-0.502006
2.11085	-0.505711
2.10579	-0.509344
2.1007	-0.512909
2.09557	-0.516411
2.0904	-0.519853
2.0852	-0.523239
2.07997	-0.526573
2.07471	-0.529857
2.06941	-0.533095
2.06408	-0.536291
2.05871	-0.539446
2.05332	-0.542565
2.04789	-0.545648
2.04244	-0.5487
2.03695	-0.551722
2.03143	-0.554717
2.02589	-0.557687
2.02031	-0.560634
2.0147	-0.56356
2.00907	-0.566468
2.0034	-0.569358
1.99771	-0.572234
1.99199	-0.575097
1.98624	-0.577948
1.98046	-0.580789
1.97465	-0.583621
1.96881	-0.586447
1.96295	-0.589268
1.95705	-0.592085
1.95113	-0.594899
1.94518	-0.597712
1.93921	-0.600525
1.9332	-0.603339
1.92717	-0.606156
1.92111	-0.608977
1.91502	-0.611803
1.9089	-0.614634
1.90275	-0.617473
1.89658	-0.62032
1.89038	-0.623176
1.88414	-0.626042
1.87788	-0.628919
1.87159	-0.631809
1.86528	-0.634712
1.85893	-0.637628
1.85255	-0.64056
1.84615	-0.643507
1.83971	-0.646471
1.83325	-0.649453
1.82675	-0.652453
1.82023	-0.655473
1.81367	-0.658513
1.80709	-0.661573
1.80047	-0.664656
1.79383	-0.667761
1.78715	-0.670889
1.78044	-0.674042
1.7737	-0.67722
1.76693	-0.680424
1.76012	-0.683654
1.75329	-0.686912
1.74642	-0.690199
1.73951	-0.693514
1.73258	-0.696859
1.72561	-0.700235
1.71861	-0.703642
1.71157	-0.707082
1.7045	-0.710555
1.6974	-0.714061
1.69026	-0.717603
1.68308	-0.72118
1.67587	-0.724793
1.66862	-0.728443
1.66134	-0.732132
1.65401	-0.73586
1.64666	-0.739627
1.63926	-0.743435
1.63182	-0.747285
1.62435	-0.751177
1.61684	-0.755112
1.60929	-0.759092
1.6017	-0.763116
1.59407	-0.767187
1.58639	-0.771305
1.57868	-0.775471
1.57093	-0.779686
1.56313	-0.783951
1.55529	-0.788267
1.54741	-0.792635
1.53948	-0.797056
1.53151	-0.801531
1.5235	-0.806061
1.51544	-0.810648
1.50733	-0.815292
1.49918	-0.819994
1.49098	-0.824756
1.48273	-0.829579
1.47443	-0.834464
1.46609	-0.839412
1.45769	-0.844425
1.44925	-0.849503
1.44075	-0.854648
1.43221	-0.859862
1.42361	-0.865145
1.41496	-0.870499
1.40625	-0.875925
1.39749	-0.881425
1.38868	-0.887
1.37981	-0.892652
1.37088	-0.898381
1.3619	-0.904191
1.35286	-0.910081
1.34376	-0.916054
1.3346	-0.922111
1.32537	-0.928254
1.31609	-0.934484
1.30675	-0.940804
1.29734	-0.947214
1.28787	-0.953717
1.27833	-0.960315
1.26873	-0.967008
1.25906	-0.9738
1.24932	-0.980692
1.23951	-0.987685
1.22964	-0.994783
1.21969	-1.00199
1.20967	-1.0093
1.19957	-1.01672
1.18941	-1.02425
1.17916	-1.0319
1.16885	-1.03966
1.15845	-1.04754
1.14797	-1.05554
1.13742	-1.06367
1.12678	-1.07192
1.11606	-1.08029
1.10526	-1.0888
1.09437	-1.09744
1.0834	-1.10622
1.07233	-1.11513
1.06118	-1.12418
1.04994	-1.13337
1.03861	-1.14271
1.02718	-1.1522
1.01566	-1.16184
1.00404	-1.17163
0.992324	-1.18157
0.980509	-1.19168
0.968592	-1.20194
0.956572	-1.21237
0.944449	-1.22297
0.932219	-1.23373
0.919882	-1.24467
0.907435	-1.25578
0.894877	-1.26707
0.882207	-1.27855
0.869421	-1.2902
0.856519	-1.30205
0.843499	-1.31408
0.830358	-1.32631
0.817095	-1.33873
0.803707	-1.35135
0.790194	-1.36417
0.776552	-1.3772
0.76278	-1.39043
0.748876	-1.40387
0.734837	-1.41753
0.720662	-1.4314
0.706348	-1.44548
0.691893	-1.45979
0.677295	-1.47432
0.662552	-1.48907
0.647661	-1.50405
0.632621	-1.51926
0.617428	-1.5347
0.602081	-1.55037
0.586578	-1.56627
0.570915	-1.58241
0.555091	-1.59879
0.539103	-1.6154
0.522949	-1.63225
0.506627	-1.64934
0.490133	-1.66666
0.473467	-1.68423
0.456624	-1.70203
0.439604	-1.72007
0.422403	-1.73834
0.40502	-1.75684
0.387451	-1.77558
0.369696	-1.79455
0.35175	-1.81374
0.333613	-1.83315
0.315281	-1.85277
0.296754	-1.87261
0.278028	-1.89266
0.259101	-1.9129
0.239972	-1.93334
0.220639	-1.95396
0.201099	-1.97475
0.181351	-1.99571
0.161394	-2.01683
0.141226	-2.03808
0.120845	-2.05947
0.100251	-2.08097
0.0794409	-2.10257
0.0584151	-2.12426
0.0371725	-2.14602
0.0157123	-2.16782
-0.00596585	-2.18965
-0.0278623	-2.21148
-0.0499772	-2.2333
-0.0723102	-2.25508
-0.094861	-2.27679
-0.117629	-2.29841
-0.140613	-2.3199
-0.163812	-2.34123
-0.187224	-2.36238
-0.210848	-2.3833
-0.234681	-2.40396
-0.258721	-2.42433
-0.282964	-2.44437
-0.307408	-2.46402
-0.332048	-2.48326
-0.35688	-2.50203
-0.381901	-2.5203
-0.407104	-2.53801
-0.432484	-2.55511
-0.458035	-2.57156
-0.483751	-2.5873
-0.509624	-2.60228
-0.535646	-2.61645
-0.561811	-2.62975
-0.588108	-2.64213
-0.61453	-2.65353
-0.641065	-2.6639
-0.667704	-2.67318
-0.694436	-2.68132
-0.721249	-2.68825
-0.748131	-2.69394
-0.775071	-2.69832
-0.802054	-2.70134
-0.829067	-2.70296
-0.856097	-2.70312
-0.883128	-2.70178
-0.910146	-2.69889
-0.937135	-2.69442
-0.964079	-2.68833
-0.990962	-2.68059
-1.01777	-2.67116
-1.04448	-2.66003
-1.07108	-2.64716
-1.09755	-2.63255
-1.12388	-2.61619
-1.15004	-2.59807
-1.17602	-2.57819
-1.2018	-2.55655
-1.22737	-2.53318
-1.2527	-2.50807
-1.27778	-2.48127
-1.30259	-2.45279
-1.32712	-2.42268
-1.35135	-2.39096
-1.37526	-2.3577
-1.39883	-2.32293
-1.42206	-2.28672
-1.44493	-2.24912
-1.46742	-2.2102
-1.48952	-2.17004
-1.51122	-2.1287
-1.53251	-2.08626
-1.55337	-2.0428
-1.5738	-1.9984
-1.59379	-1.95315
-1.61332	-1.90713
-1.63239	-1.86043
-1.65099	-1.81313
-1.66912	-1.76533
-1.68678	-1.71711
-1.70395	-1.66856
-1.72063	-1.61976
-1.73683	-1.5708
-1.75254	-1.52175
-1.76776	-1.47271
-1.78248	-1.42373
-1.79672	-1.37491
-1.81047	-1.32631
-1.82373	-1.27799
-1.83651	-1.23003
-1.84881	-1.18248
-1.86064	-1.1354
-1.87199	-1.08884
-1.88288	-1.04285
-1.89331	-0.997477
-1.90328	-0.952763
-1.91281	-0.908744
-1.9219	-0.865454
-1.93055	-0.822922
-1.93878	-0.781175
-1.94659	-0.740236
-1.954	-0.700123
-1.961	-0.660853
-1.96761	-0.622438
-1.97383	-0.584889
-1.97968	-0.548212
-1.98516	-0.512412
-1.99029	-0.477491
-1.99506	-0.443449
-1.9995	-0.410282
-2.0036	-0.377987
-2.00738	-0.346557
-2.01084	-0.315984
-2.014	-0.286259
-2.01687	-0.25737
-2.01944	-0.229306
-2.02173	-0.202053
-2.02375	-0.175598
-2.02551	-0.149924
-2.02701	-0.125018
-2.02826	-0.100861
-2.02927	-0.0774378
-2.03004	-0.0547306
-2.03059	-0.032722
-2.03092	-0.0113941
-2.03103	0.00927104
-2.03094	0.0292916
-2.03064	0.0486857
-2.03016	0.0674715
-2.02948	0.0856669
-2.02863	0.10329
-2.02759	0.120358
-2.02639	0.13689
-2.02502	0.152902
-2.02349	0.168411
-2.02181	0.183434
-2.01997	0.197988
-2.01799	0.212089
-2.01587	0.225753
-2.01362	0.238996
-2.01123	0.251831
-2.00871	0.264275
-2.00606	0.276342
-2.0033	0.288045
-2.00042	0.299399
-1.99743	0.310416
-1.99432	0.32111
-1.99111	0.331492
-1.9878	0.341576
-1.98438	0.351373
-1.98087	0.360894
-1.97726	0.370151
-1.97356	0.379154
-1.96976	0.387913
-1.96589	0.396439
-1.96192	0.404741
-1.95787	0.412829
-1.95375	0.420711
-1.94954	0.428397
-1.94525	0.435894
-1.9409	0.443211
-1.93646	0.450356
-1.93196	0.457336
-1.92739	0.464159
-1.92274	0.470832
-1.91804	0.477361
-1.91326	0.483754
-1.90843	0.490016
-1.90353	0.496154
-1.89856	0.502173
-1.89354	0.508079
-1.88846	0.513878
-1.88332	0.519575
-1.87813	0.525175
-1.87287	0.530683
-1.86757	0.536104
-1.86221	0.541443
-1.85679	0.546703
-1.85133	0.551889
-1.84581	0.557006
-1.84024	0.562057
-1.83462	0.567046
-1.82895	0.571977
-1.82323	0.576853
-1.81746	0.581679
-1.81164	0.586456
-1.80578	0.59119
-1.79986	0.595882
-1.79391	0.600535
-1.7879	0.605154
-1.78185	0.60974
-1.77575	0.614297
-1.76961	0.618827
-1.76342	0.623333
-1.75719	0.627817
-1.75091	0.632282
-1.74459	0.63673
-1.73822	0.641163
-1.73181	0.645585
-1.72535	0.649997
-1.71885	0.654401
-1.71231	0.6588
-1.70572	0.663195
-1.69909	0.667588
-1.69241	0.671983
-1.68569	0.676379
-1.67893	0.68078
-1.67212	0.685188
-1.66527	0.689603
-1.65837	0.694028
-1.65143	0.698465
-1.64445	0.702915
-1.63742	0.707381
-1.63034	0.711863
-1.62323	0.716363
-1.61606	0.720884
-1.60885	0.725426
-1.6016	0.729992
-1.5943	0.734583
-1.58695	0.7392
-1.57956	0.743846
-1.57212	0.748521
-1.56464	0.753227
-1.5571	0.757966
-1.54952	0.762739
-1.5419	0.767548
-1.53422	0.772395
-1.5265	0.77728
-1.51873	0.782206
-1.5109	0.787173
-1.50303	0.792184
-1.49511	0.79724
-1.48714	0.802342
-1.47911	0.807493
-1.47104	0.812693
-1.46291	0.817944
-1.45473	0.823247
-1.4465	0.828605
-1.43821	0.834019
-1.42987	0.83949
-1.42148	0.84502
-1.41303	0.85061
-1.40452	0.856263
-1.39596	0.861979
-1.38734	0.867761
-1.37866	0.87361
-1.36993	0.879528
-1.36113	0.885517
-1.35228	0.891577
-1.34336	0.897712
-1.33438	0.903923
-1.32534	0.910211
-1.31624	0.916578
-1.30708	0.923027
-1.29785	0.929558
-1.28855	0.936175
-1.27919	0.942878
-1.26976	0.94967
-1.26026	0.956553
-1.2507	0.963529
-1.24106	0.970599
-1.23136	0.977766
-1.22158	0.985032
-1.21173	0.992399
-1.2018	0.999869
-1.19181	1.00744
-1.18173	1.01513
-1.17158	1.02292
-1.16135	1.03082
-1.15104	1.03884
-1.14065	1.04698
-1.13018	1.05523
-1.11963	1.06361
-1.109	1.07211
-1.09827	1.08073
-1.08747	1.08949
-1.07657	1.09837
-1.06559	1.10739
-1.05451	1.11655
-1.04335	1.12584
-1.03209	1.13528
-1.02074	1.14486
-1.00929	1.15459
-0.997744	1.16446
-0.986099	1.17449
-0.974354	1.18468
-0.962508	1.19502
-0.950557	1.20553
-0.938502	1.21619
-0.92634	1.22703
-0.91407	1.23803
-0.901689	1.24921
-0.889197	1.26056
-0.876592	1.27209
-0.863871	1.28381
-0.851033	1.2957
-0.838076	1.30778
-0.824998	1.32006
-0.811797	1.33252
-0.798472	1.34519
-0.78502	1.35805
-0.77144	1.37111
-0.757729	1.38437
-0.743885	1.39785
-0.729906	1.41153
-0.715791	1.42542
-0.701537	1.43953
-0.687142	1.45386
-0.672603	1.4684
-0.657919	1.48317
-0.643087	1.49816
-0.628106	1.51338
-0.612972	1.52882
-0.597684	1.54449
-0.582239	1.5604
-0.566635	1.57654
-0.55087	1.59291
-0.53494	1.60951
-0.518845	1.62635
-0.502582	1.64342
-0.486148	1.66073
-0.46954	1.67827
-0.452758	1.69605
-0.435797	1.71406
-0.418656	1.73231
-0.401333	1.75078
-0.383826	1.76948
-0.366131	1.78841
-0.348247	1.80756
-0.330171	1.82692
-0.311902	1.8465
-0.293437	1.86629
-0.274774	1.88628
-0.255911	1.90647
-0.236846	1.92684
-0.217578	1.9474
-0.198104	1.96813
-0.178423	1.98902
-0.158533	2.01006
-0.138432	2.03124
-0.11812	2.05254
-0.0975943	2.07396
-0.0768547	2.09548
-0.0558998	2.11708
-0.034729	2.13875
-0.0133416	2.16045
0.00826298	2.18219
0.0300849	2.20393
0.0521241	2.22565
0.0743806	2.24732
0.0968538	2.26893
0.119543	2.29043
0.142447	2.31181
0.165566	2.33304
0.188896	2.35407
0.212437	2.37489
0.236186	2.39544
0.26014	2.4157
0.284297	2.43562
0.308653	2.45516
0.333205	2.47429
0.357947	2.49295
0.382877	2.51111
0.407988	2.52871
0.433275	2.54571
0.458732	2.56205
0.484353	2.57769
0.51013	2.59258
0.536055	2.60666
0.562122	2.61987
0.588321	2.63217
0.614642	2.6435
0.641077	2.6538
0.667615	2.66302
0.694246	2.67111
0.720957	2.678
0.747737	2.68365
0.774573	2.68801
0.801453	2.69101
0.828363	2.69262
0.85529	2.69279
0.882218	2.69147
0.909132	2.68861
0.936018	2.68418
0.96286	2.67815
0.989642	2.67047
1.01635	2.66113
1.04296	2.65009
1.06946	2.63733
1.09583	2.62285
1.12206	2.60662
1.14813	2.58865
1.17401	2.56893
1.1997	2.54747
1.22518	2.52428
1.25042	2.49938
1.27541	2.47279
1.30014	2.44454
1.32459	2.41466
1.34873	2.3832
1.37257	2.35019
1.39607	2.31569
1.41922	2.27976
1.44202	2.24244
1.46445	2.20382
1.48648	2.16395
1.50812	2.12291
1.52935	2.08077
1.55016	2.03762
1.57054	1.99353
1.59047	1.94858
1.60996	1.90287
1.62899	1.85648
1.64755	1.80949
1.66565	1.762
1.68327	1.71407
1.70041	1.66582
1.71707	1.6173
1.73324	1.56862
1.74892	1.51985
1.76412	1.47108
1.77883	1.42236
1.79306	1.37379
1.8068	1.32543
1.82005	1.27735
1.83282	1.22961
1.84512	1.18227
1.85694	1.13539
1.8683	1.08903
1.87919	1.04322
1.88962	0.998021
1.8996	0.953469
1.90913	0.909602
1.91823	0.866453
1.92689	0.824053
1.93513	0.782429
1.94296	0.741602
1.95037	0.701592
1.95739	0.662416
1.96401	0.624086
1.97026	0.586614
1.97612	0.550006
1.98162	0.514266
1.98676	0.479399
1.99156	0.445402
1.99601	0.412274
2.00014	0.380012
2.00394	0.348608
2.00742	0.318055
2.0106	0.288345
2.01349	0.259466
2.01608	0.231407
2.01839	0.204154
2.02044	0.177695
2.02221	0.152014
2.02373	0.127095
2.025	0.102924
2.02603	0.0794823
2.02683	0.0567542
2.0274	0.034722
2.02774	0.0133681
2.02788	-0.00732531
2.0278	-0.0273761
2.02753	-0.0468022
2.02706	-0.0656215
2.02641	-0.083852
2.02557	-0.101511
2.02455	-0.118617
2.02337	-0.135187
2.02201	-0.151238
2.0205	-0.166787
2.01883	-0.181851
2.01701	-0.196446
2.01505	-0.210589
2.01294	-0.224294
2.0107	-0.237578
2.00833	-0.250456
2.00582	-0.262942
2.00319	-0.275051
2.00044	-0.286796
1.99757	-0.298191
1.99459	-0.30925
1.9915	-0.319985
1.9883	-0.330409
1.98499	-0.340534
1.98159	-0.350372
1.97809	-0.359934
1.97449	-0.36923
1.97079	-0.378273
1.96701	-0.387071
1.96314	-0.395635
1.95918	-0.403976
1.95514	-0.412101
1.95102	-0.420021
1.94682	-0.427743
1.94255	-0.435277
1.93819	-0.44263
1.93377	-0.44981
1.92927	-0.456826
1.9247	-0.463683
1.92006	-0.47039
1.91536	-0.476953
1.91059	-0.483379
1.90576	-0.489673
1.90086	-0.495843
1.8959	-0.501894
1.89088	-0.507832
1.8858	-0.513662
1.88067	-0.519389
1.87547	-0.525019
1.87022	-0.530557
1.86492	-0.536008
1.85956	-0.541375
1.85414	-0.546664
1.84868	-0.551878
1.84316	-0.557023
1.83759	-0.562101
1.83197	-0.567118
1.8263	-0.572075
1.82058	-0.576978
1.81481	-0.58183
1.80899	-0.586634
1.80312	-0.591393
1.79721	-0.59611
1.79125	-0.600789
1.78524	-0.605433
1.77918	-0.610044
1.77308	-0.614625
1.76694	-0.61918
1.76075	-0.62371
1.75451	-0.628218
1.74823	-0.632707
1.7419	-0.637179
1.73553	-0.641636
1.72911	-0.646081
1.72265	-0.650516
1.71614	-0.654944
1.7096	-0.659366
1.703	-0.663784
1.69636	-0.668201
1.68968	-0.672618
1.68296	-0.677037
1.67619	-0.681461
1.66937	-0.685891
1.66251	-0.69033
1.65561	-0.694778
1.64866	-0.699237
1.64167	-0.703711
1.63463	-0.708199
1.62755	-0.712704
1.62042	-0.717228
1.61325	-0.721771
1.60603	-0.726337
1.59877	-0.730926
1.59146	-0.73554
1.5841	-0.740181
1.5767	-0.744849
1.56925	-0.749548
1.56176	-0.754278
1.55422	-0.759041
1.54663	-0.763838
1.53899	-0.768671
1.5313	-0.773542
1.52356	-0.778452
1.51578	-0.783402
1.50795	-0.788395
1.50006	-0.793431
1.49213	-0.798512
1.48414	-0.80364
1.47611	-0.808816
1.46802	-0.814042
1.45988	-0.81932
1.45168	-0.82465
1.44344	-0.830035
1.43514	-0.835476
1.42678	-0.840974
1.41837	-0.846532
1.40991	-0.852151
1.40139	-0.857832
1.39281	-0.863577
1.38417	-0.869388
1.37548	-0.875267
1.36673	-0.881215
1.35791	-0.887234
1.34904	-0.893325
1.34011	-0.899491
1.33111	-0.905733
1.32206	-0.912053
1.31294	-0.918453
1.30375	-0.924935
1.2945	-0.9315
1.28519	-0.938151
1.2758	-0.944889
1.26636	-0.951716
1.25684	-0.958634
1.24725	-0.965646
1.2376	-0.972753
1.22787	-0.979957
1.21807	-0.987261
1.2082	-0.994667
1.19825	-1.00218
1.18823	-1.00979
1.17813	-1.01751
1.16795	-1.02535
1.1577	-1.03329
1.14737	-1.04135
1.13695	-1.04953
1.12646	-1.05783
1.11588	-1.06625
1.10522	-1.07479
1.09447	-1.08347
1.08364	-1.09227
1.07271	-1.1012
1.0617	-1.11027
1.0506	-1.11947
1.0394	-1.12882
1.02812	-1.1383
1.01673	-1.14794
1.00525	-1.15772
0.993676	-1.16765
0.982	-1.17773
0.970222	-1.18797
0.958343	-1.19837
0.946359	-1.20893
0.93427	-1.21966
0.922073	-1.23055
0.909768	-1.24161
0.897352	-1.25285
0.884823	-1.26426
0.87218	-1.27586
0.859422	-1.28763
0.846546	-1.29959
0.83355	-1.31174
0.820432	-1.32408
0.807191	-1.33661
0.793825	-1.34934
0.780332	-1.36227
0.766709	-1.3754
0.752955	-1.38874
0.739068	-1.40228
0.725045	-1.41603
0.710885	-1.43
0.696585	-1.44418
0.682143	-1.45858
0.667557	-1.4732
0.652825	-1.48805
0.637945	-1.50311
0.622913	-1.51841
0.607729	-1.53393
0.59239	-1.54968
0.576893	-1.56566
0.561237	-1.58188
0.545418	-1.59832
0.529435	-1.61501
0.513285	-1.63192
0.496965	-1.64908
0.480475	-1.66647
0.46381	-1.68409
0.446969	-1.70194
0.42995	-1.72003
0.412749	-1.73835
0.395366	-1.7569
0.377797	-1.77568
0.36004	-1.79468
0.342093	-1.8139
0.323954	-1.83334
0.305621	-1.85299
0.287091	-1.87284
0.268363	-1.8929
0.249434	-1.91315
0.230302	-1.93358
0.210966	-1.95419
0.191424	-1.97498
0.171675	-1.99592
0.151715	-2.017
0.131545	-2.03823
0.111163	-2.05957
0.0905673	-2.08103
0.0697571	-2.10257
0.0487314	-2.12419
0.0274894	-2.14587
0.00603074	-2.16759
-0.0156451	-2.18932
-0.0375384	-2.21105
-0.0596489	-2.23276
-0.0819765	-2.25441
-0.104521	-2.27598
-0.12728	-2.29745
-0.150255	-2.31878
-0.173443	-2.33994
-0.196842	-2.3609
-0.220451	-2.38163
-0.244267	-2.40208
-0.268288	-2.42223
-0.29251	-2.44202
-0.316931	-2.46143
-0.341545	-2.4804
-0.366349	-2.4989
-0.391338	-2.51687
-0.416507	-2.53427
-0.441849	-2.55105
-0.46736	-2.56716
-0.493031	-2.58255
-0.518857	-2.59717
-0.544829	-2.61096
-0.570938	-2.62387
-0.597177	-2.63585
-0.623535	-2.64683
-0.650004	-2.65678
-0.676572	-2.66562
-0.703228	-2.67331
-0.729961	-2.67979
-0.756759	-2.68501
