0.365549	-0.583286
0.359716	-0.591995
0.353797	-0.600746
0.347789	-0.60954
0.341694	-0.618376
0.33551	-0.627255
0.329237	-0.636176
0.322876	-0.645141
0.316424	-0.654148
0.309883	-0.663199
0.303251	-0.672293
0.296528	-0.68143
0.289713	-0.690611
0.282807	-0.699834
0.275809	-0.709101
0.268718	-0.718411
0.261534	-0.727763
0.254256	-0.737158
0.246885	-0.746596
0.239419	-0.756076
0.231858	-0.765597
0.224202	-0.77516
0.21645	-0.784764
0.208603	-0.794409
0.200659	-0.804093
0.192618	-0.813817
0.18448	-0.823579
0.176244	-0.833379
0.16791	-0.843217
0.159478	-0.85309
0.150947	-0.862999
0.142317	-0.872942
0.133588	-0.882918
0.124758	-0.892925
0.115829	-0.902963
0.106799	-0.91303
0.0976692	-0.923124
0.0884379	-0.933244
0.0791055	-0.943388
0.0696716	-0.953554
0.0601361	-0.96374
0.0504987	-0.973943
0.0407592	-0.984163
0.0309176	-0.994396
0.0209736	-1.00464
0.0109273	-1.01489
0.000778342	-1.02515
-0.00947314	-1.03541
-0.0198272	-1.04567
-0.0302839	-1.05592
-0.0408431	-1.06617
-0.0515047	-1.0764
-0.0622688	-1.08662
-0.073135	-1.09682
-0.0841032	-1.107
-0.0951733	-1.11715
-0.106345	-1.12727
-0.117618	-1.13735
-0.128991	-1.14739
-0.140465	-1.15739
-0.152039	-1.16733
-0.163712	-1.17721
-0.175484	-1.18703
-0.187355	-1.19678
-0.199322	-1.20645
-0.211387	-1.21605
-0.223547	-1.22555
-0.235803	-1.23496
-0.248152	-1.24426
-0.260595	-1.25346
-0.27313	-1.26253
-0.285755	-1.27149
-0.29847	-1.28031
-0.311273	-1.28898
-0.324163	-1.29751
-0.337138	-1.30588
-0.350197	-1.31408
-0.363337	-1.32211
-0.376559	-1.32995
-0.389858	-1.3376
-0.403234	-1.34505
-0.416685	-1.35228
-0.430207	-1.35929
-0.4438	-1.36606
-0.457461	-1.37259
-0.471187	-1.37887
-0.484975	-1.38489
-0.498824	-1.39063
-0.512731	-1.39609
-0.526691	-1.40125
-0.540704	-1.40611
-0.554765	-1.41065
-0.568872	-1.41487
-0.58302	-1.41875
-0.597208	-1.42229
-0.611431	-1.42546
-0.625685	-1.42827
-0.639968	-1.43071
-0.654275	-1.43276
-0.668603	-1.43441
-0.682947	-1.43565
-0.697303	-1.43649
-0.711668	-1.43689
-0.726037	-1.43687
-0.740406	-1.4364
-0.75477	-1.43549
-0.769125	-1.43412
-0.783466	-1.43228
-0.797789	-1.42998
-0.812088	-1.4272
-0.82636	-1.42394
-0.8406	-1.42019
-0.854802	-1.41595
-0.868961	-1.41122
-0.883073	-1.40598
-0.897133	-1.40025
-0.911136	-1.39401
-0.925076	-1.38727
-0.938948	-1.38002
-0.952749	-1.37226
-0.966471	-1.364
-0.980111	-1.35523
-0.993664	-1.34597
-1.00712	-1.3362
-1.02049	-1.32594
-1.03374	-1.31518
-1.0469	-1.30394
-1.05994	-1.29222
-1.07286	-1.28003
-1.08566	-1.26737
-1.09833	-1.25425
-1.11087	-1.24067
-1.12328	-1.22666
-1.13555	-1.21222
-1.14767	-1.19735
-1.15964	-1.18208
-1.17146	-1.16641
-1.18313	-1.15035
-1.19463	-1.13392
-1.20597	-1.11713
-1.21714	-1.09999
-1.22814	-1.08253
-1.23897	-1.06474
-1.24962	-1.04666
-1.26008	-1.02828
-1.27036	-1.00964
-1.28046	-0.990737
-1.29037	-0.971596
-1.30008	-0.95223
-1.30961	-0.932657
-1.31893	-0.912892
-1.32806	-0.892951
-1.33699	-0.87285
-1.34572	-0.852606
-1.35425	-0.832235
-1.36257	-0.811752
-1.37069	-0.791173
-1.3786	-0.770513
-1.3863	-0.749788
-1.3938	-0.729014
-1.40109	-0.708203
-1.40817	-0.687372
-1.41505	-0.666534
-1.42171	-0.645702
-1.42817	-0.624891
-1.43442	-0.604112
-1.44046	-0.583379
-1.44629	-0.562704
-1.45192	-0.542098
-1.45734	-0.521572
-1.46256	-0.501136
-1.46757	-0.480803
-1.47238	-0.46058
-1.47698	-0.440477
-1.48139	-0.420503
-1.48559	-0.400666
-1.4896	-0.380974
-1.49341	-0.361435
-1.49702	-0.342054
-1.50044	-0.322838
-1.50367	-0.303794
-1.50671	-0.284927
-1.50956	-0.26624
-1.51222	-0.24774
-1.5147	-0.22943
-1.51699	-0.211314
-1.51911	-0.193394
-1.52104	-0.175674
-1.5228	-0.158156
-1.52438	-0.140842
-1.52579	-0.123734
-1.52702	-0.106833
-1.52809	-0.0901398
-1.52899	-0.0736554
-1.52973	-0.0573801
-1.5303	-0.0413139
-1.53072	-0.0254565
-1.53097	-0.00980742
-1.53107	0.00563409
-1.53101	0.0208691
-1.5308	0.0358987
-1.53045	0.0507245
-1.52994	0.0653481
-1.52928	0.0797713
-1.52849	0.0939963
-1.52755	0.108025
-1.52647	0.12186
-1.52525	0.135504
-1.52389	0.148959
-1.5224	0.162228
-1.52078	0.175315
-1.51903	0.188221
-1.51715	0.200951
-1.51514	0.213506
-1.513	0.225891
-1.51074	0.238109
-1.50836	0.250163
-1.50586	0.262057
-1.50324	0.273794
-1.5005	0.285377
-1.49765	0.29681
-1.49468	0.308098
-1.4916	0.319242
-1.48841	0.330248
-1.4851	0.341118
-1.48169	0.351857
-1.47817	0.362468
-1.47455	0.372954
-1.47082	0.38332
-1.46699	0.393569
-1.46305	0.403705
-1.45901	0.413731
-1.45488	0.423652
-1.45064	0.43347
-1.4463	0.443189
-1.44187	0.452813
-1.43734	0.462346
-1.43272	0.471791
-1.428	0.481152
-1.42319	0.490432
-1.41829	0.499634
-1.41329	0.508763
-1.4082	0.517822
-1.40303	0.526813
-1.39776	0.535742
-1.3924	0.54461
-1.38695	0.553421
-1.38142	0.562179
-1.3758	0.570887
-1.37009	0.579548
-1.36429	0.588165
-1.35841	0.596742
-1.35244	0.605282
-1.34639	0.613788
-1.34025	0.622263
-1.33403	0.630711
-1.32772	0.639134
-1.32133	0.647536
-1.31486	0.655919
-1.3083	0.664287
-1.30166	0.672642
-1.29493	0.680989
-1.28812	0.689329
-1.28123	0.697666
-1.27425	0.706002
-1.26719	0.714341
-1.26005	0.722686
-1.25282	0.731039
-1.24551	0.739403
-1.23811	0.747782
-1.23064	0.756178
-1.22307	0.764594
-1.21543	0.773033
-1.2077	0.781498
-1.19988	0.789992
-1.19198	0.798517
-1.184	0.807076
-1.17593	0.815673
-1.16777	0.82431
-1.15953	0.83299
-1.1512	0.841715
-1.14278	0.85049
-1.13428	0.859315
-1.12568	0.868195
-1.117	0.877133
-1.10823	0.88613
-1.09937	0.895191
-1.09042	0.904317
-1.08137	0.913512
-1.07224	0.922778
-1.06301	0.932119
-1.05369	0.941538
-1.04427	0.951037
-1.03476	0.960618
-1.02516	0.970287
-1.01545	0.980044
-1.00565	0.989893
-0.995755	0.999837
-0.985756	1.00988
-0.975658	1.02002
-0.965457	1.03027
-0.955155	1.04062
-0.944748	1.05109
-0.934238	1.06166
-0.923621	1.07236
-0.912897	1.08317
-0.902066	1.0941
-0.891125	1.10516
-0.880073	1.11635
-0.868909	1.12767
-0.857633	1.13912
-0.846242	1.15071
-0.834735	1.16244
-0.82311	1.17431
-0.811367	1.18633
-0.799504	1.19849
-0.787519	1.21081
-0.775411	1.22329
-0.763178	1.23592
-0.750819	1.24871
-0.738332	1.26167
-0.725715	1.27479
-0.712967	1.28808
-0.700086	1.30154
-0.687071	1.31518
-0.673919	1.32899
-0.660629	1.34299
-0.647199	1.35716
-0.633628	1.37152
-0.619912	1.38607
-0.606052	1.4008
-0.592044	1.41572
-0.577886	1.43084
-0.563578	1.44615
-0.549117	1.46165
-0.5345	1.47735
-0.519727	1.49325
-0.504794	1.50935
-0.489701	1.52564
-0.474444	1.54214
-0.459023	1.55883
-0.443435	1.57572
-0.427677	1.59282
-0.411749	1.61011
-0.395648	1.6276
-0.379372	1.64528
-0.362919	1.66316
-0.346288	1.68123
-0.329475	1.69949
-0.31248	1.71794
-0.295301	1.73656
-0.277935	1.75537
-0.260382	1.77434
-0.242638	1.79349
-0.224703	1.81279
-0.206575	1.83225
-0.188253	1.85186
-0.169734	1.8716
-0.151018	1.89148
-0.132103	1.91147
-0.112989	1.93157
-0.093673	1.95177
-0.0741553	1.97206
-0.0544347	1.99241
-0.0345106	2.01282
-0.0143824	2.03327
0.00595029	2.05374
0.0264877	2.07422
0.0472299	2.09468
0.0681767	2.11511
0.0893278	2.13548
0.110683	2.15577
0.13224	2.17596
0.154	2.19601
0.17596	2.21591
0.198119	2.23563
0.220475	2.25512
0.243027	2.27438
0.26577	2.29335
0.288704	2.312
0.311824	2.33031
0.335127	2.34823
0.358609	2.36572
0.382266	2.38275
0.406094	2.39927
0.430087	2.41525
0.454239	2.43063
0.478545	2.44538
0.502999	2.45945
0.527594	2.47279
0.552322	2.48536
0.577175	2.49711
0.602146	2.50799
0.627226	2.51795
0.652406	2.52695
0.677675	2.53494
0.703025	2.54188
0.728443	2.5477
0.75392	2.55237
0.779444	2.55585
0.805003	2.55809
0.830584	2.55904
0.856174	2.55867
0.881761	2.55694
0.90733	2.55381
0.932868	2.54925
0.958361	2.54323
0.983793	2.53572
1.00915	2.5267
1.03442	2.51614
1.05958	2.50404
1.08462	2.49037
1.10952	2.47513
1.13427	2.45832
1.15886	2.43993
1.18326	2.41997
1.20746	2.39846
1.23144	2.3754
1.25519	2.35082
1.2787	2.32474
1.30195	2.29719
1.32492	2.2682
1.3476	2.23781
1.36998	2.20608
1.39204	2.17303
1.41377	2.13873
1.43516	2.10324
1.45619	2.0666
1.47686	2.02888
1.49715	1.99015
1.51705	1.95047
1.53655	1.90991
1.55565	1.86855
1.57434	1.82646
1.5926	1.78372
1.61044	1.74038
1.62784	1.69655
1.64481	1.65228
1.66133	1.60765
1.67741	1.56274
1.69304	1.51763
1.70821	1.47237
1.72294	1.42705
1.73721	1.38173
1.75102	1.33647
1.76439	1.29135
1.7773	1.24642
1.78977	1.20174
1.80178	1.15736
1.81336	1.11335
1.82449	1.06974
1.83519	1.02658
1.84545	0.983919
1.85529	0.941795
1.86471	0.900242
1.87371	0.859295
1.88231	0.818982
1.8905	0.779332
1.89829	0.740367
1.90569	0.702109
1.91271	0.664575
1.91936	0.62778
1.92564	0.591737
1.93156	0.556456
1.93712	0.521944
1.94234	0.488207
1.94722	0.455247
1.95177	0.423066
1.956	0.391662
1.95992	0.361034
1.96353	0.331177
1.96684	0.302085
1.96986	0.273751
1.9726	0.246167
1.97506	0.219324
1.97726	0.193211
1.97919	0.167817
1.98087	0.14313
1.9823	0.119136
1.98349	0.0958231
1.98445	0.0731766
1.98518	0.0511821
1.98569	0.0298251
1.98599	0.00909045
1.98608	-0.0110371
1.98597	-0.0305729
1.98566	-0.0495325
1.98517	-0.0679315
1.98449	-0.0857854
1.98363	-0.10311
1.9826	-0.11992
1.9814	-0.136232
1.98004	-0.152059
1.97852	-0.167419
1.97684	-0.182325
1.97502	-0.196791
1.97305	-0.210833
1.97095	-0.224464
1.9687	-0.237699
1.96632	-0.25055
1.96382	-0.263032
1.96119	-0.275156
1.95844	-0.286936
1.95557	-0.298385
1.95258	-0.309513
1.94949	-0.320334
1.94628	-0.330858
1.94298	-0.341096
1.93957	-0.35106
1.93605	-0.36076
1.93245	-0.370205
1.92874	-0.379407
1.92495	-0.388374
1.92107	-0.397117
1.9171	-0.405643
1.91304	-0.413962
1.9089	-0.422082
1.90468	-0.430012
1.90038	-0.437759
1.896	-0.445331
1.89155	-0.452735
1.88702	-0.459979
1.88242	-0.46707
1.87775	-0.474014
1.87301	-0.480819
1.8682	-0.487489
1.86333	-0.494032
1.85839	-0.500452
1.85338	-0.506757
1.84831	-0.512951
1.84318	-0.51904
1.83799	-0.525029
1.83274	-0.530923
1.82744	-0.536726
1.82207	-0.542443
1.81664	-0.54808
1.81116	-0.553639
1.80563	-0.559126
1.80003	-0.564545
1.79439	-0.569898
1.78869	-0.575192
1.78294	-0.580428
1.77713	-0.58561
1.77128	-0.590743
1.76537	-0.595829
1.75941	-0.600872
1.7534	-0.605874
1.74735	-0.61084
1.74124	-0.615772
1.73508	-0.620672
1.72887	-0.625544
1.72262	-0.630391
1.71631	-0.635215
1.70996	-0.640018
1.70356	-0.644804
1.69711	-0.649575
1.69062	-0.654333
1.68407	-0.65908
1.67748	-0.66382
1.67084	-0.668553
1.66416	-0.673283
1.65743	-0.678011
1.65065	-0.68274
1.64382	-0.687472
1.63694	-0.692208
1.63002	-0.696952
1.62305	-0.701703
1.61604	-0.706466
1.60897	-0.711241
1.60186	-0.716031
1.5947	-0.720837
1.58749	-0.725661
1.58023	-0.730505
1.57293	-0.73537
1.56557	-0.74026
1.55817	-0.745174
1.55072	-0.750115
1.54322	-0.755085
1.53567	-0.760086
1.52807	-0.765119
1.52042	-0.770185
1.51271	-0.775287
1.50496	-0.780426
1.49716	-0.785604
1.4893	-0.790822
1.48139	-0.796083
1.47343	-0.801388
1.46542	-0.806738
1.45735	-0.812135
1.44923	-0.817581
1.44105	-0.823078
1.43282	-0.828627
1.42454	-0.83423
1.41619	-0.839888
1.40779	-0.845604
1.39934	-0.851379
1.39083	-0.857215
1.38225	-0.863114
1.37362	-0.869077
1.36493	-0.875106
1.35618	-0.881202
1.34737	-0.887369
1.33849	-0.893607
1.32956	-0.899918
1.32056	-0.906305
1.3115	-0.912769
1.30237	-0.919312
1.29318	-0.925936
1.28392	-0.932642
1.27459	-0.939434
1.2652	-0.946312
1.25573	-0.953279
1.2462	-0.960338
1.2366	-0.967489
1.22692	-0.974735
1.21717	-0.982079
1.20735	-0.989522
1.19746	-0.997066
1.18749	-1.00471
1.17744	-1.01247
1.16732	-1.02033
1.15711	-1.0283
1.14683	-1.03639
1.13646	-1.04459
1.12602	-1.05291
1.11549	-1.06135
1.10488	-1.06991
1.09418	-1.0786
1.08339	-1.08741
1.07252	-1.09636
1.06155	-1.10544
1.0505	-1.11465
1.03935	-1.124
1.02811	-1.13349
1.01678	-1.14313
1.00535	-1.15291
0.993817	-1.16284
0.982189	-1.17292
0.97046	-1.18315
0.958628	-1.19355
0.946693	-1.2041
0.934652	-1.21482
0.922504	-1.2257
0.910247	-1.23675
0.897879	-1.24797
0.885399	-1.25937
0.872806	-1.27095
0.860096	-1.2827
0.847269	-1.29464
0.834323	-1.30677
0.821255	-1.31908
0.808064	-1.33159
0.794748	-1.34429
0.781306	-1.35719
0.767734	-1.37029
0.754031	-1.38359
0.740195	-1.3971
0.726224	-1.41082
0.712116	-1.42475
0.697868	-1.43889
0.683479	-1.45325
0.668947	-1.46783
0.654268	-1.48263
0.639442	-1.49765
0.624465	-1.5129
0.609336	-1.52838
0.594053	-1.54408
0.578612	-1.56001
0.563012	-1.57617
0.54725	-1.59257
0.531324	-1.6092
0.515232	-1.62606
0.498972	-1.64316
0.48254	-1.66049
0.465935	-1.67805
0.449155	-1.69585
0.432196	-1.71388
0.415058	-1.73214
0.397736	-1.75062
0.38023	-1.76934
0.362537	-1.78828
0.344654	-1.80743
0.32658	-1.82681
0.308312	-1.84639
0.289848	-1.86618
0.271186	-1.88618
0.252324	-1.90636
0.23326	-1.92674
0.213993	-1.94729
0.19452	-1.96801
0.17484	-1.98889
0.154951	-2.00992
0.134852	-2.03109
0.114541	-2.05238
0.0940174	-2.07378
0.0732797	-2.09527
0.052327	-2.11684
0.0311585	-2.13848
0.00977378	-2.16015
-0.0118277	-2.18185
-0.0336462	-2.20355
-0.0556817	-2.22522
-0.0779339	-2.24685
-0.100402	-2.2684
-0.123086	-2.28985
-0.145985	-2.31117
-0.169097	-2.33233
-0.19242	-2.3533
-0.215953	-2.37403
-0.239693	-2.39451
-0.263638	-2.41468
-0.287785	-2.43451
-0.31213	-2.45396
-0.33667	-2.47299
-0.3614	-2.49155
-0.386315	-2.5096
-0.411411	-2.52709
-0.436682	-2.54396
-0.462122	-2.56019
-0.487724	-2.5757
-0.513481	-2.59045
-0.539385	-2.60439
-0.565429	-2.61747
-0.591604	-2.62962
-0.6179	-2.64079
-0.644308	-2.65094
-0.670817	-2.66
-0.697417	-2.66792
-0.724096	-2.67465
-0.750843	-2.68013
-0.777644	-2.68432
-0.804487	-2.68715
-0.831359	-2.68859
-0.858245	-2.68858
-0.885131	-2.68708
-0.912001	-2.68404
-0.938842	-2.67944
-0.965636	-2.67323
-0.992368	-2.66538
-1.01902	-2.65586
-1.04558	-2.64465
-1.07203	-2.63173
-1.09834	-2.61708
-1.12452	-2.6007
-1.15052	-2.58257
-1.17635	-2.56271
-1.20198	-2.54111
-1.22739	-2.51779
-1.25256	-2.49276
-1.27749	-2.46605
-1.30215	-2.43769
-1.32653	-2.40771
-1.35061	-2.37616
-1.37437	-2.34307
-1.3978	-2.3085
-1.42088	-2.2725
-1.44361	-2.23514
-1.46596	-2.19647
-1.48792	-2.15657
-1.50949	-2.11552
-1.53065	-2.07337
-1.55138	-2.03022
-1.57168	-1.98615
-1.59154	-1.94123
-1.61096	-1.89556
-1.62991	-1.84921
-1.6484	-1.80228
-1.66643	-1.75484
-1.68397	-1.707
-1.70104	-1.65882
-1.71763	-1.6104
-1.73374	-1.56182
-1.74935	-1.51315
-1.76449	-1.46448
-1.77913	-1.41589
-1.79329	-1.36744
-1.80696	-1.3192
-1.82016	-1.27125
-1.83287	-1.22365
-1.8451	-1.17645
-1.85687	-1.12971
-1.86817	-1.08349
-1.879	-1.03783
-1.88938	-0.992772
-1.89931	-0.948366
-1.90879	-0.904646
-1.91784	-0.861644
-1.92645	-0.81939
-1.93465	-0.77791
-1.94243	-0.737226
-1.9498	-0.697359
-1.95677	-0.658323
-1.96336	-0.620131
-1.96956	-0.582794
-1.97539	-0.546319
-1.98085	-0.51071
-1.98596	-0.47597
-1.99072	-0.442098
-1.99514	-0.409091
-1.99923	-0.376947
-2.003	-0.345658
-2.00645	-0.315217
-2.00961	-0.285614
-2.01246	-0.25684
-2.01503	-0.228881
-2.01732	-0.201726
-2.01934	-0.175361
-2.02109	-0.149771
-2.02259	-0.12494
-2.02384	-0.100852
-2.02485	-0.0774914
-2.02562	-0.0548407
-2.02617	-0.0328827
-2.0265	-0.0115999
-2.02661	0.00902542
-2.02652	0.0290111
-2.02623	0.048375
-2.02575	0.067135
-2.02508	0.0853089
-2.02422	0.102914
-2.0232	0.119969
-2.022	0.13649
-2.02063	0.152494
-2.01911	0.167999
-2.01743	0.183021
-2.0156	0.197577
-2.01362	0.211682
-2.0115	0.225352
-2.00925	0.238602
-2.00686	0.251448
-2.00435	0.263904
-2.00171	0.275985
-1.99895	0.287703
-1.99607	0.299074
-1.99308	0.310109
-1.98998	0.320822
-1.98677	0.331226
-1.98346	0.341331
-1.98005	0.351151
-1.97654	0.360696
-1.97293	0.369977
-1.96923	0.379005
-1.96544	0.38779
-1.96156	0.396342
-1.9576	0.404671
-1.95355	0.412786
-1.94942	0.420696
-1.94522	0.428409
-1.94093	0.435935
-1.93657	0.443281
-1.93214	0.450455
-1.92764	0.457465
-1.92306	0.464318
-1.91842	0.47102
-1.91371	0.47758
-1.90893	0.484002
-1.90409	0.490294
-1.89919	0.496462
-1.89422	0.502512
-1.8892	0.508449
-1.88411	0.514278
-1.87897	0.520006
-1.87377	0.525637
-1.86852	0.531175
-1.8632	0.536627
-1.85784	0.541996
-1.85242	0.547287
-1.84694	0.552504
-1.84142	0.557652
-1.83584	0.562734
-1.83022	0.567753
-1.82454	0.572715
-1.81881	0.577622
-1.81303	0.582478
-1.80721	0.587287
-1.80134	0.592051
-1.79542	0.596774
-1.78945	0.601459
-1.78343	0.606108
-1.77737	0.610726
-1.77127	0.615314
-1.76511	0.619875
-1.75891	0.624412
-1.75267	0.628927
-1.74638	0.633423
-1.74005	0.637903
-1.73367	0.642368
-1.72724	0.646821
-1.72078	0.651265
-1.71426	0.655701
-1.70771	0.660131
-1.7011	0.664559
-1.69446	0.668985
-1.68777	0.673411
-1.68104	0.67784
-1.67426	0.682274
-1.66743	0.686715
-1.66057	0.691163
-1.65366	0.695622
-1.6467	0.700092
-1.6397	0.704576
-1.63265	0.709076
-1.62556	0.713592
-1.61843	0.718127
-1.61124	0.722683
-1.60402	0.727261
-1.59675	0.731862
-1.58943	0.736488
-1.58206	0.741142
-1.57465	0.745824
-1.56719	0.750536
-1.55969	0.755279
-1.55213	0.760056
-1.54453	0.764867
-1.53688	0.769714
-1.52919	0.7746
-1.52144	0.779524
-1.51365	0.784489
-1.5058	0.789497
-1.49791	0.794549
-1.48996	0.799646
-1.48196	0.80479
-1.47392	0.809983
-1.46582	0.815225
-1.45766	0.82052
-1.44946	0.825867
-1.4412	0.831269
-1.43289	0.836728
-1.42452	0.842245
-1.4161	0.847821
-1.40762	0.853459
-1.39909	0.859159
-1.39049	0.864924
-1.38184	0.870755
-1.37314	0.876654
-1.36437	0.882623
-1.35554	0.888663
-1.34666	0.894776
-1.33771	0.900963
-1.3287	0.907228
-1.31963	0.91357
-1.31049	0.919993
-1.30129	0.926498
-1.29203	0.933087
-1.2827	0.939762
-1.2733	0.946524
-1.26383	0.953377
-1.2543	0.960321
-1.2447	0.967359
-1.23502	0.974492
-1.22528	0.981724
-1.21546	0.989055
-1.20557	0.996488
-1.19561	1.00403
-1.18557	1.01167
-1.17545	1.01942
-1.16525	1.02729
-1.15498	1.03526
-1.14463	1.04336
-1.1342	1.05157
-1.12368	1.0599
-1.11308	1.06835
-1.1024	1.07693
-1.09163	1.08563
-1.08077	1.09447
-1.06983	1.10344
-1.05879	1.11254
-1.04767	1.12178
-1.03645	1.13116
-1.02514	1.14069
-1.01373	1.15036
-1.00223	1.16018
-0.990625	1.17015
-0.978924	1.18027
-0.967121	1.19055
-0.955216	1.201
-0.943206	1.2116
-0.93109	1.22237
-0.918866	1.23331
-0.906533	1.24441
-0.894089	1.2557
-0.881532	1.26716
-0.86886	1.2788
-0.856072	1.29062
-0.843166	1.30263
-0.83014	1.31483
-0.816991	1.32721
-0.803719	1.3398
-0.790321	1.35258
-0.776796	1.36556
-0.76314	1.37874
-0.749353	1.39213
-0.735431	1.40573
-0.721374	1.41954
-0.707179	1.43356
-0.692843	1.4478
-0.678365	1.46225
-0.663742	1.47693
-0.648973	1.49183
-0.634055	1.50696
