1
0.9999
0.999701
0.999404
0.99901
0.99852
0.997935
0.997256
0.996484
0.99562
0.994665
0.99362
0.992486
0.991264
0.989955
0.98856
0.987079
0.985515
0.983868
0.982138
0.980328
0.978437
0.976468
0.97442
0.972295
0.970094
0.967817
0.965467
0.963043
0.960546
0.957979
0.955341
0.952633
0.949858
0.947014
0.944104
0.941129
0.938089
0.934985
0.931818
0.92859
0.9253
0.921951
0.918542
0.915076
0.911552
0.907972
0.904337
0.900647
0.896904
0.893108
0.88926
0.885362
0.881413
0.877416
0.87337
0.869277
0.865138
0.860953
0.856724
0.85245
0.848134
0.843776
0.839376
0.834936
0.830457
0.825938
0.821382
0.816789
0.81216
0.807495
0.802796
0.798063
0.793297
0.788499
0.783669
0.778809
0.77392
0.769001
0.764054
0.759079
0.754078
0.749051
0.743999
0.738923
0.733823
0.7287
0.723554
0.718388
0.713201
0.707993
0.702767
0.697522
0.692259
0.686979
0.681683
0.676371
0.671043
0.665702
0.660347
0.654978
0.649598
0.644205
0.638802
0.633388
0.627965
0.622532
0.617091
0.611642
0.606186
0.600724
0.595255
0.589781
0.584302
0.578819
0.573332
0.567843
0.562351
0.556857
0.551361
0.545865
0.540369
0.534873
0.529378
0.523885
0.518394
0.512905
0.507419
0.501937
0.496458
0.490985
0.485516
0.480053
0.474596
0.469146
0.463703
0.458267
0.452839
0.44742
0.44201
0.436609
0.431218
0.425837
0.420466
0.415107
0.40976
0.404424
0.399101
0.39379
0.388493
0.383209
0.37794
0.372684
0.367444
0.362218
0.357008
0.351814
0.346636
0.341475
0.336331
0.331204
0.326095
0.321003
0.31593
0.310876
0.30584
0.300824
0.295828
0.290851
0.285894
0.280958
0.276043
0.271149
0.266276
0.261425
0.256595
0.251788
0.247003
0.242241
0.237502
0.232786
0.228093
0.223424
0.218779
0.214158
0.209561
0.204989
0.200442
0.195919
0.191422
0.18695
0.182504
0.178083
0.173689
0.16932
0.164978
0.160663
0.156374
0.152112
0.147876
0.143668
0.139488
0.135334
0.131209
0.127111
0.123041
0.118999
0.114985
0.110999
0.107041
0.103112
0.0992122
0.0953405
0.0914977
0.0876837
0.0838987
0.0801429
0.0764161
0.0727187
0.0690506
0.0654118
0.0618026
0.0582229
0.0546728
0.0511524
0.0476618
0.0442009
0.0407699
0.0373688
0.0339976
0.0306564
0.0273452
0.024064
0.0208129
0.0175919
0.0144011
0.0112404
0.00810983
0.00500948
0.00193932
-0.00110065
-0.0041104
-0.00708995
-0.0100393
-0.0129584
-0.0158474
-0.0187061
-0.0215347
-0.0243331
-0.0271014
-0.0298396
-0.0325477
-0.0352257
-0.0378737
-0.0404917
-0.0430797
-0.0456378
-0.048166
-0.0506643
-0.0531329
-0.0555717
-0.0579808
-0.0603602
-0.0627101
-0.0650304
-0.0673213
-0.0695827
-0.0718148
-0.0740176
-0.0761912
-0.0783357
-0.0804511
-0.0825375
-0.084595
-0.0866236
-0.0886236
-0.0905948
-0.0925375
-0.0944517
-0.0963375
-0.098195
-0.100024
-0.101826
-0.103599
-0.105344
-0.107061
-0.108751
-0.110413
-0.112048
-0.113655
-0.115235
-0.116788
-0.118314
-0.119812
-0.121284
-0.12273
-0.124148
-0.125541
-0.126907
-0.128246
-0.12956
-0.130848
-0.132109
-0.133346
-0.134556
-0.135741
-0.136901
-0.138036
-0.139145
-0.14023
-0.14129
-0.142325
-0.143336
-0.144323
-0.145285
-0.146223
-0.147137
-0.148028
-0.148895
-0.149738
-0.150558
-0.151355
-0.152129
-0.15288
-0.153609
-0.154315
-0.154998
-0.155659
-0.156298
-0.156915
-0.15751
-0.158084
-0.158636
-0.159167
-0.159676
-0.160165
-0.160632
-0.16108
-0.161506
-0.161912
-0.162298
-0.162664
-0.16301
-0.163336
-0.163643
-0.16393
-0.164198
-0.164447
-0.164677
-0.164889
-0.165081
-0.165256
-0.165412
-0.16555
-0.16567
-0.165772
-0.165857
-0.165924
-0.165974
-0.166007
-0.166023
-0.166022
-0.166005
-0.165971
-0.165921
-0.165855
-0.165773
-0.165675
-0.165562
-0.165433
-0.165289
-0.165129
-0.164955
-0.164766
-0.164563
-0.164345
-0.164113
-0.163866
-0.163606
-0.163332
-0.163044
-0.162743
-0.162428
-0.162101
-0.16176
-0.161407
-0.161041
-0.160662
-0.160272
-0.159869
-0.159454
-0.159027
-0.158588
-0.158138
-0.157677
-0.157204
-0.156721
-0.156226
-0.155721
-0.155205
-0.154679
-0.154143
-0.153596
-0.15304
-0.152473
-0.151897
-0.151312
-0.150717
-0.150113
-0.1495
-0.148878
-0.148248
-0.147609
-0.146961
-0.146305
-0.145641
-0.144969
-0.144289
-0.143602
-0.142906
-0.142204
-0.141494
-0.140777
-0.140053
-0.139323
-0.138585
-0.137841
-0.137091
-0.136334
-0.135571
-0.134802
-0.134028
-0.133247
-0.132461
-0.13167
-0.130873
-0.130071
-0.129264
-0.128452
-0.127635
-0.126813
-0.125987
-0.125157
-0.124322
-0.123483
-0.12264
-0.121793
-0.120942
-0.120088
-0.11923
-0.118369
-0.117504
-0.116636
-0.115765
-0.114891
-0.114015
-0.113135
-0.112253
-0.111369
-0.110482
-0.109593
-0.108701
-0.107808
-0.106913
-0.106015
-0.105116
-0.104216
-0.103314
-0.102411
-0.101506
-0.1006
-0.099693
-0.0987851
-0.0978762
-0.0969666
-0.0960562
-0.0951453
-0.0942339
-0.093322
-0.0924099
-0.0914975
-0.0905851
-0.0896726
-0.0887602
-0.0878479
-0.0869359
-0.0860242
-0.0851129
-0.0842022
-0.083292
-0.0823826
-0.0814739
-0.080566
-0.0796591
-0.0787532
-0.0778483
-0.0769447
-0.0760423
-0.0751412
-0.0742416
-0.0733434
-0.0724468
-0.0715518
-0.0706585
-0.069767
-0.0688773
-0.0679896
-0.0671039
-0.0662202
-0.0653386
-0.0644592
-0.0635821
-0.0627074
-0.061835
-0.060965
-0.0600976
-0.0592328
-0.0583705
-0.057511
-0.0566543
-0.0558003
-0.0549493
-0.0541012
-0.053256
-0.0524139
-0.0515749
-0.050739
-0.0499064
-0.049077
-0.0482509
-0.0474281
-0.0466088
-0.0457929
-0.0449805
-0.0441716
-0.0433664
-0.0425648
-0.0417668
-0.0409726
-0.0401821
-0.0393955
-0.0386127
-0.0378338
-0.0370588
-0.0362878
-0.0355207
-0.0347578
-0.0339989
-0.0332441
-0.0324935
-0.031747
-0.0310048
-0.0302668
-0.0295331
-0.0288037
-0.0280786
-0.0273579
-0.0266416
-0.0259298
-0.0252223
-0.0245194
-0.023821
-0.0231271
-0.0224378
-0.021753
-0.0210729
-0.0203974
-0.0197265
-0.0190603
-0.0183988
-0.017742
-0.0170899
-0.0164426
-0.0158
-0.0151622
-0.0145292
-0.013901
-0.0132777
-0.0126592
-0.0120456
-0.0114368
-0.0108329
-0.0102339
-0.0096398
-0.00905063
-0.00846639
-0.00788708
-0.00731272
-0.00674332
-0.00617887
-0.0056194
-0.00506491
-0.0045154
-0.00397087
-0.00343134
-0.00289681
-0.00236728
-0.00184276
-0.00132324
-0.000808738
-0.000299246
0.000205231
0.000704694
0.00119914
0.00168857
0.00217299
0.0026524
0.00312679
0.00359618
0.00406056
0.00451993
0.00497431
0.00542369
0.00586807
0.00630748
0.0067419
0.00717134
0.00759582
0.00801534
0.0084299
0.00883951
0.00924418
0.00964393
0.0100388
0.0104287
0.0108137
0.0111938
0.011569
0.0119394
0.0123049
0.0126655
0.0130213
0.0133723
0.0137185
0.0140599
0.0143965
0.0147283
0.0150553
0.0153777
0.0156953
0.0160081
0.0163163
0.0166198
0.0169186
0.0172128
0.0175024
0.0177873
0.0180676
0.0183434
0.0186145
0.0188812
0.0191433
0.0194009
0.019654
0.0199026
0.0201468
0.0203866
0.0206219
0.0208529
0.0210794
0.0213017
0.0215196
0.0217331
0.0219424
0.0221475
0.0223483
0.0225448
0.0227372
0.0229254
0.0231094
0.0232893
0.0234651
0.0236368
0.0238044
0.023968
0.0241276
0.0242832
0.0244348
0.0245825
0.0247263
0.0248661
0.0250021
0.0251343
0.0252626
0.0253871
0.0255079
0.0256249
0.0257382
0.0258477
0.0259537
0.0260559
0.0261546
0.0262497
0.0263412
0.0264291
0.0265136
0.0265945
0.026672
0.0267461
0.0268167
0.026884
0.0269479
0.0270085
0.0270658
0.0271198
0.0271706
0.0272182
0.0272625
0.0273037
0.0273418
0.0273767
0.0274086
0.0274374
0.0274632
0.0274859
0.0275057
0.0275226
0.0275365
0.0275476
0.0275557
0.0275611
0.0275636
0.0275634
0.0275604
0.0275546
0.0275462
0.0275351
0.0275214
0.027505
0.0274861
0.0274646
0.0274405
0.027414
0.0273849
0.0273535
0.0273196
0.0272833
0.0272446
0.0272036
0.0271603
0.0271147
0.0270668
0.0270167
0.0269644
0.0269099
0.0268533
0.0267945
0.0267336
0.0266707
0.0266057
0.0265387
0.0264698
0.0263988
0.0263259
0.0262511
0.0261745
0.0260959
0.0260155
0.0259334
0.0258494
0.0257637
0.0256763
0.0255871
0.0254963
0.0254038
0.0253098
0.0252141
0.0251168
0.025018
0.0249176
0.0248158
0.0247125
0.0246077
0.0245016
0.024394
0.024285
0.0241747
0.0240631
0.0239502
0.023836
0.0237205
0.0236038
0.0234859
0.0233668
0.0232466
0.0231252
0.0230027
0.0228792
0.0227545
0.0226289
0.0225022
0.0223745
0.0222458
0.0221162
0.0219857
0.0218542
0.0217219
0.0215887
0.0214547
0.0213198
0.0211842
0.0210477
0.0209106
0.0207727
0.020634
0.0204947
0.0203547
0.0202141
0.0200728
0.019931
0.0197885
0.0196455
0.0195019
0.0193578
0.0192132
0.0190681
0.0189225
0.0187765
0.01863
0.0184831
0.0183359
0.0181882
0.0180402
0.0178919
0.0177432
0.0175943
0.017445
0.0172955
0.0171457
0.0169957
0.0168455
0.0166951
0.0165445
0.0163938
0.0162429
0.0160919
0.0159407
0.0157895
0.0156382
0.0154868
0.0153353
0.0151839
0.0150324
0.0148809
0.0147294
0.014578
0.0144265
0.0142752
0.0141239
0.0139727
0.0138216
0.0136706
0.0135197
0.013369
0.0132185
0.0130681
0.0129179
0.0127678
0.012618
0.0124684
0.0123191
0.01217
0.0120211
0.0118726
0.0117243
0.0115763
0.0114286
0.0112812
0.0111342
0.0109875
0.0108411
0.0106952
0.0105496
0.0104043
0.0102595
0.0101151
0.00997112
0.00982755
0.00968443
0.00954175
0.00939953
0.00925778
0.0091165
0.00897572
0.00883543
0.00869564
0.00855637
0.00841762
0.00827941
0.00814173
0.0080046
0.00786803
0.00773203
0.0075966
0.00746175
0.00732749
0.00719382
0.00706076
0.00692831
0.00679648
0.00666528
0.0065347
0.00640477
0.00627548
0.00614684
0.00601887
0.00589156
0.00576491
0.00563895
0.00551367
0.00538908
0.00526518
0.00514199
0.00501949
0.00489771
0.00477665
0.00465631
0.00453669
0.0044178
0.00429965
0.00418223
0.00406557
0.00394965
0.00383448
0.00372007
0.00360642
0.00349353
0.00338142
0.00327007
0.0031595
0.00304971
0.0029407
0.00283247
0.00272504
0.00261839
0.00251254
0.00240749
0.00230323
0.00219978
0.00209713
0.00199529
0.00189425
0.00179403
0.00169462
0.00159602
0.00149825
0.00140128
0.00130514
0.00120982
0.00111533
0.00102165
0.000928805
0.000836783
0.000745589
0.000655223
0.000565686
0.000476979
0.000389102
0.000302057
0.000215842
0.00013046
4.59106e-05
-3.78068e-05
-0.000120692
-0.000202744
-0.000283963
-0.00036435
-0.000443905
-0.000522628
-0.000600519
-0.000677579
-0.000753809
-0.000829208
-0.000903778
-0.00097752
-0.00105043
-0.00112252
-0.00119378
-0.00126422
-0.00133383
-0.00140262
-0.00147059
-0.00153774
-0.00160407
-0.00166958
-0.00173428
-0.00179816
-0.00186123
-0.00192349
-0.00198494
-0.00204559
-0.00210543
-0.00216446
-0.0022227
-0.00228014
-0.00233678
-0.00239262
-0.00244768
-0.00250194
-0.00255542
-0.00260811
-0.00266002
-0.00271115
-0.0027615
-0.00281108
-0.00285989
-0.00290792
-0.00295519
-0.0030017
-0.00304745
-0.00309243
-0.00313667
-0.00318015
-0.00322288
-0.00326487
-0.00330612
-0.00334663
-0.0033864
-0.00342544
-0.00346375
-0.00350133
-0.00353819
-0.00357434
-0.00360977
-0.00364448
-0.00367849
-0.0037118
-0.0037444
-0.0037763
-0.00380752
-0.00383804
-0.00386788
-0.00389703
-0.00392551
-0.00395331
-0.00398044
-0.0040069
-0.00403271
-0.00405785
-0.00408234
-0.00410617
-0.00412937
-0.00415191
-0.00417382
-0.0041951
-0.00421575
-0.00423576
-0.00425516
-0.00427394
-0.00429211
-0.00430967
-0.00432662
-0.00434297
-0.00435873
-0.0043739
-0.00438847
-0.00440247
-0.00441588
-0.00442872
-0.00444099
-0.0044527
-0.00446384
-0.00447443
-0.00448447
-0.00449395
-0.0045029
-0.0045113
-0.00451917
-0.00452651
-0.00453333
-0.00453962
-0.0045454
-0.00455067
-0.00455543
-0.00455969
-0.00456344
-0.00456671
-0.00456949
-0.00457178
-0.00457359
-0.00457493
-0.00457579
-0.00457619
-0.00457613
-0.00457561
-0.00457464
-0.00457322
-0.00457136
-0.00456906
-0.00456632
-0.00456316
-0.00455957
-0.00455556
-0.00455113
-0.0045463
-0.00454105
-0.0045354
-0.00452936
-0.00452292
-0.0045161
-0.00450889
-0.0045013
-0.00449334
-0.004485
-0.0044763
-0.00446724
-0.00445782
-0.00444805
-0.00443793
-0.00442747
-0.00441666
-0.00440553
-0.00439406
-0.00438226
-0.00437015
-0.00435772
-0.00434497
-0.00433192
-0.00431856
-0.00430491
-0.00429096
-0.00427671
-0.00426218
-0.00424737
-0.00423228
-0.00421692
-0.00420128
-0.00418539
-0.00416923
-0.00415281
-0.00413614
-0.00411922
-0.00410206
-0.00408466
-0.00406702
-0.00404915
-0.00403105
-0.00401272
-0.00399418
-0.00397542
-0.00395645
-0.00393727
-0.00391789
-0.00389831
-0.00387853
-0.00385856
-0.0038384
-0.00381806
-0.00379754
-0.00377684
-0.00375597
-0.00373492
-0.00371372
-0.00369235
-0.00367082
-0.00364914
-0.00362731
-0.00360534
-0.00358322
-0.00356096
-0.00353857
-0.00351604
-0.00349338
-0.0034706
-0.0034477
-0.00342468
-0.00340155
-0.0033783
-0.00335495
-0.00333149
-0.00330793
-0.00328428
-0.00326053
-0.00323668
-0.00321276
-0.00318874
-0.00316465
-0.00314048
-0.00311623
-0.00309191
-0.00306752
-0.00304307
-0.00301856
-0.00299398
-0.00296935
-0.00294467
-0.00291994
-0.00289516
-0.00287033
-0.00284547
-0.00282056
-0.00279562
-0.00277065
-0.00274565
-0.00272062
-0.00269557
-0.00267049
-0.0026454
-0.00262029
-0.00259516
-0.00257003
-0.00254489
-0.00251974
-0.00249459
-0.00246944
-0.00244429
-0.00241914
-0.00239401
-0.00236888
-0.00234376
-0.00231866
-0.00229357
-0.00226851
-0.00224346
-0.00221844
-0.00219344
-0.00216848
-0.00214354
-0.00211864
-0.00209377
-0.00206893
-0.00204414
-0.00201938
-0.00199467
-0.00197001
-0.00194539
-0.00192082
-0.00189631
-0.00187184
-0.00184743
-0.00182308
-0.00179879
-0.00177455
-0.00175038
-0.00172628
-0.00170224
-0.00167826
-0.00165436
-0.00163053
-0.00160677
-0.00158309
-0.00155948
-0.00153595
-0.0015125
-0.00148913
-0.00146584
-0.00144264
-0.00141952
-0.00139649
-0.00137354
-0.00135069
-0.00132793
-0.00130526
-0.00128268
-0.0012602
-0.00123782
-0.00121553
-0.00119335
-0.00117126
-0.00114927
-0.00112739
-0.00110561
-0.00108394
-0.00106237
-0.00104091
-0.00101956
-0.000998319
-0.000977187
-0.000956167
-0.000935259
-0.000914465
-0.000893785
-0.00087322
-0.000852772
-0.000832441
-0.000812228
-0.000792134
-0.000772159
-0.000752306
-0.000732573
-0.000712962
-0.000693475
-0.000674111
-0.000654871
-0.000635756
-0.000616767
-0.000597904
-0.000579169
-0.00056056
-0.00054208
-0.000523729
-0.000505507
-0.000487415
-0.000469453
-0.000451622
-0.000433922
-0.000416354
-0.000398919
-0.000381616
-0.000364447
-0.00034741
-0.000330508
-0.00031374
-0.000297107
-0.000280609
-0.000264246
-0.000248018
-0.000231927
-0.000215971
-0.000200152
-0.000184469
-0.000168924
-0.000153515
-0.000138244
-0.000123109
-0.000108113
-9.32537e-05
-7.85325e-05
-6.39492e-05
-4.95038e-05
-3.51966e-05
-2.10274e-05
-6.99639e-06
6.89639e-06
2.06509e-05
3.42673e-05
4.77454e-05
6.10852e-05
7.4287e-05
8.73505e-05
0.000100276
0.000113064
0.000125713
0.000138225
0.000150599
0.000162836
0.000174935
0.000186897
0.000198722
0.000210409
0.00022196
0.000233375
0.000244653
0.000255795
0.000266801
0.000277672
0.000288407
0.000299007
0.000309472
0.000319803
0.000329999
0.000340062
0.000349991
0.000359786
0.000369449
0.000378979
0.000388376
0.000397642
0.000406776
0.00041578
0.000424652
0.000433394
0.000442007
0.00045049
0.000458844
0.000467069
0.000475166
0.000483135
0.000490978
0.000498693
0.000506282
0.000513746
0.000521084
0.000528297
0.000535387
0.000542352
0.000549194
0.000555914
0.000562512
0.000568988
0.000575343
0.000581577
0.000587692
0.000593687
0.000599564
0.000605322
0.000610963
0.000616487
0.000621895
0.000627187
0.000632363
0.000637426
0.000642374
0.000647209
0.000651932
0.000656543
0.000661042
0.000665431
0.00066971
0.000673879
0.00067794
0.000681893
0.000685738
0.000689477
0.00069311
0.000696637
0.00070006
0.000703379
0.000706595
0.000709709
0.00071272
0.000715631
0.000718441
0.000721151
0.000723763
0.000726276
0.000728692
0.000731011
0.000733234
0.000735361
0.000737394
0.000739334
0.00074118
0.000742933
0.000744595
0.000746166
0.000747647
0.000749039
0.000750341
0.000751556
0.000752684
0.000753725
0.000754681
0.000755551
0.000756338
0.000757041
0.000757661
0.000758199
0.000758657
0.000759034
0.000759331
0.000759549
0.00075969
0.000759753
0.000759739
0.000759649
0.000759485
0.000759246
0.000758933
0.000758548
0.000758091
0.000757562
0.000756963
0.000756294
0.000755556
0.00075475
0.000753877
0.000752936
0.00075193
0.000750858
0.000749722
0.000748522
0.00074726
0.000745935
0.000744548
0.000743101
0.000741594
0.000740027
0.000738403
0.00073672
0.00073498
0.000733184
0.000731333
0.000729426
0.000727466
0.000725452
0.000723386
0.000721268
0.000719099
0.000716879
0.000714609
0.000712291
0.000709924
0.00070751
0.000705048
0.000702541
0.000699988
0.000697391
0.000694749
0.000692065
0.000689337
0.000686568
0.000683757
0.000680906
0.000678015
0.000675085
0.000672116
0.00066911
0.000666066
0.000662986
