0
0.0100475457260383
0.0200950914520766
0.0301426371781150
0.0401901829041533
0.0904279115343449
0.140665640164536
0.190903368794728
0.241141097424920
0.315349456857799
0.389557816290679
0.463766175723559
0.537974535156438
0.597808809657832
0.657643084159225
0.717477358660619
0.777311633162012
0.858010653261199
0.938709673360386
1.01940869345957
1.10010771355876
1.21271252581271
1.32531733806667
1.43792215032062
1.55052696257458
1.74927474203620
1.94802252149782
2.14677030095943
2.34551808042105
2.45362031529961
2.56172255017816
2.66982478505672
2.77792701993528
2.88602925481383
2.99413148969239
3.10223372457094
3.21033595944950
3.28340198410770
3.35646800876590
3.42953403342410
3.50260005808230
3.57566608274050
3.64873210739869
3.72179813205689
3.79486415671509
3.86437615071034
3.93388814470558
4.00340013870082
4.07291213269606
4.14242412669130
4.21193612068654
4.28144811468178
4.35096010867703
4.46542908936602
4.57989807005502
4.69436705074402
4.80883603143302
4.98762631634874
5.16641660126446
5.34520688618018
5.52399717109590
5.62437247929096
5.72474778748601
5.82512309568107
5.92549840387613
6.02587371207119
6.12624902026625
6.22662432846130
6.32699963665636
6.41409458888487
6.50118954111339
6.58828449334190
6.67537944557041
6.76247439779892
6.84956935002744
6.93666430225595
7.02375925448446
7.10094230334381
7.17812535220316
7.25530840106251
7.33249144992186
7.41608416505950
7.49967688019713
7.58326959533476
7.66686231047240
7.77333943313657
7.87981655580075
7.98629367846492
8.09277080112909
8.26636432931853
8.43995785750797
8.61355138569740
8.78714491388684
8.88153689731245
8.97592888073806
9.07032086416367
9.16471284758928
9.25910483101488
9.35349681444049
9.44788879786610
9.54228078129171
9.61620802894271
9.69013527659371
9.76406252424471
9.83798977189571
9.91191701954671
9.98584426719770
10.0597715148487
10.1336987624997
10.2132421162054
10.2927854699110
10.3723288236167
10.4518721773224
10.5329970185250
10.6141218597276
10.6952467009302
10.7763715421328
10.8574963833354
10.9386212245380
11.0197460657406
11.1008709069432
11.2236660549041
11.3464612028650
11.4692563508259
11.5920514987868
11.7978450042474
12.0036385097080
12.2094320151686
12.4152255206292
12.5138812009537
12.6125368812782
12.7111925616027
12.8098482419272
12.9085039222517
13.0071596025762
13.1058152829007
13.2044709632252
13.2785712063124
13.3526714493995
13.4267716924867
13.5008719355739
13.5749721786610
13.6490724217482
13.7231726648353
13.7972729079225
13.8691726184864
13.9410723290504
14.0129720396144
14.0848717501783
14.1567714607423
14.2286711713063
14.3005708818702
14.3724705924342
14.4910582566355
14.6096459208368
14.7282335850380
14.8468212492393
15.0330161437787
15.2192110383182
15.4054059328576
15.5916008273971
15.6895826100329
15.7875643926687
15.8855461753045
15.9835279579402
16.0815097405761
16.1794915232118
16.2774733058476
16.3754550884834
16.4632762012925
16.5510973141016
16.6389184269107
16.7267395397198
16.8145606525289
16.9023817653380
16.9902028781471
17.0780239909561
17.1611002256240
17.2441764602919
17.3272526949597
17.4103289296276
17.4946516520675
17.5789743745075
17.6632970969474
17.7476198193873
17.8660724792117
17.9845251390361
18.1029777988605
18.2214304586849
18.4210529302146
18.6206754017444
18.8202978732741
19.0199203448039
19.1193008838929
19.2186814229819
19.3180619620708
19.4174425011598
19.5168230402488
19.6162035793378
19.7155841184268
19.8149646575158
19.8882674999854
19.9615703424551
20.0348731849248
20.1081760273944
20.1814788698641
20.2547817123337
20.3280845548034
20.4013873972730
20.4961746811542
20.5909619650354
20.6857492489165
20.7805365327977
20.8621041312963
20.9436717297950
21.0252393282936
21.1068069267922
21.2320117569185
21.3572165870449
21.4824214171712
21.6076262472975
21.8203488706207
22.0330714939439
22.2457941172671
22.4585167405903
22.5595256167714
22.6605344929526
22.7615433691338
22.8625522453150
22.9635611214962
23.0645699976774
23.1655788738586
23.2665877500398
23.3516417740841
23.4366957981285
23.5217498221729
23.6068038462173
23.6811067459876
23.7554096457580
23.8297125455283
23.9040154452987
23.9893915452127
24.0747676451268
24.1601437450408
24.2455198449548
24.3423870505548
24.4392542561548
24.5361214617549
24.6329886673549
24.7885970618745
24.9442054563942
25.0998138509138
25.2554222454335
25.3575789915708
25.4597357377081
25.5618924838455
25.6640492299828
25.7662059761202
25.8683627222575
25.9705194683949
26.0726762145322
26.1543508951327
26.2360255757333
26.3177002563338
26.3993749369343
26.4810496175348
26.5627242981354
26.6443989787359
26.7260736593364
26.8206537047421
26.9152337501477
27.0098137955534
27.1043938409590
27.1893553749897
27.2743169090205
27.3592784430512
27.4442399770820
27.5301025313093
27.6159650855366
27.7018276397639
27.7876901939912
27.9131046729283
28.0385191518654
28.1639336308025
28.2893481097395
28.5087394629293
28.7281308161191
28.9475221693089
29.1669135224987
29.2767599435230
29.3866063645473
29.4964527855717
29.6062992065960
29.6888455766624
29.7713919467287
29.8539383167951
29.9364846868614
30.0190310569278
30.1015774269941
30.1841237970605
30.2666701671269
30.3412084603394
30.4157467535520
30.4902850467645
30.5648233399771
30.6508239635965
30.7368245872159
30.8228252108353
30.9088258344547
31.0056044031342
31.1023829718136
31.1991615404931
31.2959401091725
31.4517913522937
31.6076425954149
31.7634938385361
31.9193450816573
32.0206863016887
32.1220275217200
32.2233687417513
32.3247099617826
32.4260511818140
32.5273924018453
32.6287336218766
32.7300748419079
32.8124198730307
32.8947649041534
32.9771099352761
33.0594549663988
33.1417999975215
33.2241450286442
33.3064900597669
33.3888350908896
33.4833590252220
33.5778829595545
33.6724068938870
33.7669308282194
33.8521734062120
33.9374159842045
34.0226585621970
34.1079011401896
34.1938573239961
34.2798135078025
34.3657696916090
34.4517258754155
34.5776360648049
34.7035462541943
34.8294564435837
34.9553666329731
35.1760289567846
35.3966912805961
35.6173536044076
35.8380159282190
35.9523263093755
36.0666366905319
36.1809470716884
36.2952574528448
36.3829090725243
36.4705606922038
36.5582123118833
36.6458639315629
36.7335155512424
36.8211671709219
36.9088187906014
36.9964704102809
37.0732640604497
37.1500577106186
37.2268513607874
37.3036450109562
37.3872587446347
37.4708724783132
37.5544862119917
37.6380999456703
37.7436796302806
37.8492593148909
37.9548389995012
38.0604186841115
38.2321902435749
38.4039618030383
38.5757333625016
38.7475049219650
38.8436812086936
38.9398574954222
39.0360337821508
39.1322100688795
39.2283863556081
39.3245626423367
39.4207389290653
39.5169152157939
39.5909931954948
39.6650711751956
39.7391491548965
39.8132271345973
39.8873051142982
39.9613830939991
40.0354610736999
40.1095390534008
40.1896011652214
40.2696632770420
40.3497253888626
40.4297875006832
40.5115615483239
40.5933355959645
40.6751096436052
40.7568836912459
40.8386577388865
40.9204317865272
41.0022058341679
41.0839798818085
41.2071606684116
41.3303414550146
41.4535222416177
41.5767030282207
41.7840513993066
41.9913997703924
42.1987481414783
42.4060965125642
42.5048304047534
42.6035642969426
42.7022981891318
42.8010320813210
42.8997659735102
42.9984998656994
43.0972337578886
43.1959676500779
43.2701992273487
43.3444308046196
43.4186623818905
43.4928939591614
43.5671255364323
43.6413571137032
43.7155886909741
43.7898202682449
43.8713117005746
43.9528031329042
44.0342945652338
44.1157859975635
44.1972774298931
44.2787688622227
44.3602602945524
44.4417517268820
44.5697569348698
44.6977621428577
44.8257673508455
44.9537725588333
45.1736958754704
45.3936191921074
45.6135425087445
45.8334658253815
45.9488796592399
46.0642934930984
46.1797073269568
46.2951211608153
46.3850560315670
46.4749909023187
46.5649257730705
46.6548606438222
46.7447955145739
46.8347303853257
46.9246652560774
47.0146001268291
47.0926041069764
47.1706080871237
47.2486120672710
47.3266160474183
47.4102639882037
47.4939119289890
47.5775598697744
47.6612078105597
47.7704970960368
47.8797863815138
47.9890756669908
48.0983649524679
48.2775734028212
48.4567818531746
48.6359903035279
48.8151987538813
48.9117896080949
49.0083804623085
49.1049713165221
49.2015621707357
49.2981530249493
49.3947438791629
49.4913347333765
49.5879255875901
49.6643577882929
49.7407899889957
49.8172221896985
49.8936543904012
49.9700865911040
50.0465187918068
50.1229509925096
50.1993831932124
50.2738011414129
50.3482190896134
50.4226370378139
50.4970549860144
50.5908261965402
50.6845974070660
50.7783686175918
50.8721398281176
50.9623880175300
51.0526362069425
51.1428843963550
51.2331325857674
51.3814679050966
51.5298032244257
51.6781385437548
51.8264738630840
51.9245378670092
52.0226018709345
52.1206658748598
52.2187298787851
52.3167938827104
52.4148578866356
52.5129218905609
52.6109858944862
52.7192777478690
52.8275696012518
52.9358614546345
53.0441533080173
53.1285575645495
53.2129618210818
53.2973660776140
53.3817703341462
53.4661745906784
53.5505788472106
53.6349831037428
53.7193873602750
53.8047076072588
53.8900278542425
53.9753481012262
54.0606683482099
54.1447499152818
54.2288314823538
54.3129130494257
54.3969946164976
54.5171029207408
54.6372112249840
54.7573195292271
54.8774278334703
55.0803295938318
55.2832313541934
55.4861331145549
55.6890348749164
55.7876591630949
55.8862834512734
55.9849077394518
56.0835320276303
56.1821563158088
56.2807806039872
56.3794048921657
56.4780291803442
56.5518828547465
56.6257365291488
56.6995902035512
56.7734438779535
56.8472975523558
56.9211512267582
56.9950049011605
57.0688585755628
57.1474575671578
57.2260565587528
57.3046555503478
57.3832545419428
57.4618535335378
57.5404525251328
57.6190515167277
57.6976505083227
57.8161967941720
57.9347430800212
58.0532893658704
58.1718356517197
58.3646757185076
58.5575157852955
58.7503558520834
58.9431959188713
59.0413480557789
59.1395001926865
59.2376523295941
59.3358044665016
59.4339566034092
59.5321087403168
59.6302608772243
59.7284130141319
59.7998847930774
59.8713565720229
59.9428283509683
60.0143001299138
60.0857719088593
60.1572436878048
60.2287154667502
60.3001872456957
60.3806659905436
60.4611447353915
60.5416234802393
60.6221022250872
60.7052737118515
60.7884451986158
60.8716166853801
60.9547881721444
61.0608282731674
61.1668683741904
61.2729084752135
61.3789485762365
61.5508779641784
61.7228073521202
61.8947367400621
62.0666661280040
62.1619866371411
62.2573071462782
62.3526276554152
62.4479481645523
62.5432686736894
62.6385891828265
62.7339096919636
62.8292302011007
62.9033519491856
62.9774736972705
63.0515954453554
63.1257171934403
63.1998389415252
63.2739606896101
63.3480824376950
63.4222041857799
63.5024596360722
63.5827150863644
63.6629705366566
63.7432259869488
63.8252176430378
63.9072092991268
63.9892009552157
64.0711926113047
64.1531842673937
64.2351759234826
64.3171675795716
64.3991592356606
64.5224239486950
64.6456886617294
64.7689533747639
64.8922180877983
65.1000478354117
65.3078775830251
65.5157073306386
65.7235370782520
65.8223463017331
65.9211555252143
66.0199647486954
66.1187739721765
66.2175831956577
66.3163924191388
66.4152016426199
66.5140108661011
66.5882502196281
66.6624895731552
66.7367289266822
66.8109682802093
66.8852076337363
66.9594469872634
67.0336863407904
67.1079256943174
67.1909388192936
67.2739519442697
67.3569650692458
67.4399781942220
67.5229913191981
67.6060044441742
67.6890175691503
67.7720306941265
67.9020616617818
68.0320926294372
68.1621235970925
68.2921545647479
68.5205029441398
68.7488513235317
68.9771997029236
69.2055480823155
69.2881998511377
69.3708516199598
69.4535033887819
69.5361551576040
69.6188069264262
69.7014586952483
69.7841104640704
69.8667622328925
69.9544510149024
70.0421397969122
70.1298285789221
70.2175173609320
70.2917716638713
70.3660259668106
70.4402802697499
70.5145345726892
70.6021270098570
70.6897194470249
70.7773118841927
70.8649043213605
70.9599241457619
71.0549439701634
71.1499637945648
71.2449836189662
71.3979207975493
71.5508579761324
71.7037951547155
71.8567323332986
71.9483474957636
72.0399626582287
72.1315778206938
72.2231929831588
72.3148081456239
72.4064233080889
72.4980384705540
72.5896536330190
72.6988916923144
72.8081297516097
72.9173678109050
73.0266058702004
73.1090776998107
73.1915495294211
73.2740213590314
73.3564931886418
73.4389650182521
73.5214368478625
73.6039086774728
73.6863805070832
73.7710700538709
73.8557596006587
73.9404491474464
74.0251386942342
74.1089052013204
74.1926717084066
74.2764382154928
74.3602047225791
74.4782949771615
74.5963852317438
74.7144754863262
74.8325657409086
75.0303254863649
75.2280852318212
75.4258449772774
75.6236047227337
75.7233896266511
75.8231745305685
75.9229594344859
76.0227443384033
76.1225292423206
76.2223141462380
76.3220990501554
76.4218839540728
76.4949101097856
76.5679362654983
76.6409624212110
76.7139885769238
76.7870147326366
76.8600408883493
76.9330670440620
77.0060931997748
77.0969373933698
77.1877815869649
77.2786257805600
77.3694699741551
77.4515173762367
77.5335647783184
77.6156121804001
77.6976595824818
77.8181953219066
77.9387310613315
78.0592668007564
78.1798025401812
78.3812185234282
78.5826345066751
78.7840504899220
78.9854664731689
79.0843337627664
79.1832010523639
79.2820683419614
79.3809356315589
79.4798029211565
79.5786702107540
79.6775375003515
79.7764047899490
79.8323035924617
79.8882023949745
79.9441011974872
80