1
0.950272422412393
0.901584838571688
0.853963225137632
0.807428810992833
0.591552518511056
0.403611077558429
0.242513523542428
0.106037902433468
-0.0571297119368917
-0.183267685651446
-0.280819579780608
-0.356533647926638
-0.405708186351252
-0.447185472847569
-0.482799293827103
-0.514055644527964
-0.551374344341106
-0.584994471356840
-0.616516473058170
-0.647211609058669
-0.690475981203278
-0.736082560825384
-0.785919621692489
-0.841843930238980
-0.961457030324220
-1.12026604678018
-1.33584810836146
-1.62864889561370
-1.82615154490025
-2.04926789873355
-2.28464521657783
-2.50248432511017
-2.65680397290171
-2.67665937023904
-2.51470121060766
-2.16655351926043
-1.84965671905068
-1.50356715676229
-1.15695112552543
-0.835331617028697
-0.555122259281400
-0.318333692915376
-0.123953175326155
0.0324637389515878
0.152252379441458
0.249247757547322
0.328231989349040
0.393201641687858
0.447583997754080
0.494154797071404
0.535032398009437
0.571919517547437
0.627427244071865
0.680110239031285
0.733371367971800
0.789943859605766
0.890778499575441
1.01541626091676
1.17565932549226
1.38634352730432
1.53273762014373
1.70278408486447
1.89605015131014
2.10722848766202
2.32458365700212
2.51933414033523
2.65057881279142
2.66892488458259
2.55492028455143
2.31785283271406
1.97973388142397
1.57879003705122
1.16870677058443
0.791121466807209
0.468145733676426
0.208285432991442
0.0267549416521078
-0.117523250787029
-0.231781884420425
-0.322235261163591
-0.400195585327008
-0.463498067121268
-0.516560844391105
-0.562683095683751
-0.615326181168887
-0.664753500130139
-0.713890246726206
-0.765074162260836
-0.858192342730996
-0.970704924169790
-1.11276183898584
-1.29714303972742
-1.42033810198044
-1.56294666216301
-1.72628692431267
-1.90963320265269
-2.10885087865859
-2.31279611385893
-2.49967813663931
-2.63568172397664
-2.67898957424300
-2.64418582556027
-2.51943494628523
-2.30493115785080
-2.01524101849786
-1.67913352625218
-1.32684251758830
-0.988220016390379
-0.664485047608230
-0.390119122348855
-0.166622076216347
0.0106258843777832
0.152708745526158
0.264123250390167
0.352273331139861
0.422828644416049
0.480661543863464
0.529925354856111
0.573429699150302
0.613343150727065
0.670558126859920
0.727673577164395
0.788228126242511
0.855340937803991
0.990663473697097
1.17170747674073
1.41949394195915
1.75477014319981
1.94974472375904
2.16079397826565
2.37209148580194
2.55452961396371
2.66688376177547
2.65644001362668
2.49114958051791
2.17130197207935
1.85312477615234
1.50413483027067
1.15396347329383
0.829213319690800
0.546958551683891
0.309032385564935
0.114276167330397
-0.0419731254017792
-0.163461089723455
-0.261256421131758
-0.340522140591598
-0.405499367011121
-0.459801584404448
-0.506364882906605
-0.547389301447685
-0.584630128801986
-0.641344980033938
-0.696013975895436
-0.752202467300938
-0.812842700493111
-0.923584798930368
-1.06371228829094
-1.24743507741645
-1.49213756430776
-1.65127407078375
-1.83336631244088
-2.03521413178808
-2.24685641496888
-2.45065790870617
-2.60882412089890
-2.67712219183048
-2.61270303465082
-2.41617846673990
-2.10552151224937
-1.71799834046415
-1.30156179551556
-0.907778859724219
-0.564867854091955
-0.284137340001212
-0.0640474829603863
0.0978116051684431
0.223931689360765
0.322746879247723
0.400688769565753
0.464354781420494
0.517670702523393
0.564047375061579
0.606063698083859
0.661414725124860
0.716115097834601
0.773432103197312
0.836193298868727
0.961769991935212
1.12627770628804
1.34830909395717
1.64865612429367
1.83244699909616
2.03720092108786
2.25262060605267
2.45694034870536
2.61737164070631
2.67965219400775
2.59979686251886
2.35861055955996
2.08534513072399
1.75980366252549
1.41133424448072
1.07008706099406
0.760296580455060
0.490802635938322
0.265104296472958
0.0811529863295211
-0.104650961031130
-0.245174499197705
-0.352561663946871
-0.434721482877347
-0.490848197838741
-0.538932074568396
-0.581680351577086
-0.621185127399851
-0.679119980681188
-0.737562719006343
-0.800151709169207
-0.870163454768634
-1.01475760105495
-1.21247620460601
-1.48681107419281
-1.85687510205460
-2.06654582323972
-2.28524902052385
-2.48860528548141
-2.63653157586793
-2.67495749897802
-2.56116326684980
-2.28593846721906
-1.87423861879369
-1.47273098918561
-1.07453526399759
-0.712001856906218
-0.407688811795958
-0.193957672411647
-0.0208098407835617
0.117728176690174
0.227741567428308
0.327239895684881
0.405818160860006
0.469518277263452
0.522737800104366
0.574772784765214
0.621769098774888
0.666493717013346
0.711085531457754
0.786736489657269
0.872621503969597
0.975209026050177
1.10205136624928
1.20268841796190
1.32067129906701
1.45901005030641
1.62032834512700
1.80566677944727
2.01394249380234
2.23508372091629
2.44672471727778
2.58593722549396
2.66801542894227
2.66576274190094
2.55887020216047
2.33897811546281
2.02659409304999
1.65558024661251
1.26740455186170
0.849556403604597
0.493477044312053
0.209841677578794
-0.00641426472377238
-0.155395205003330
-0.270981649327013
-0.361615307200920
-0.433502014402143
-0.492577259308171
-0.542849240520488
-0.587429654591575
-0.628679272587082
-0.686606630359148
-0.745538145177704
-0.809058710258383
-0.880459826065030
-1.03317786195137
-1.24628816397666
-1.54548614489599
-1.94646346508926
-2.18159121996491
-2.41349447893722
-2.60024597173387
-2.68053278343234
-2.62795315815335
-2.46303564547722
-2.19244735537781
-1.84078047119377
-1.45160675822224
-1.06744923546867
-0.717591314545020
-0.421743797313153
-0.205147065735399
-0.0295050883824047
0.111078505075539
0.222701480173239
0.323974014535653
0.403818420771374
0.468442570707228
0.522340722618317
0.574549222845622
0.621693508291169
0.666544755650511
0.711245419570904
0.787242219677606
0.873515557476066
0.976592441380155
1.10409190053114
1.20424684074177
1.32151111839806
1.45882508781706
1.61875106837427
1.80232513320658
2.00853446837377
2.22775029628574
2.43856485249396
2.58082259339225
2.66620480572356
2.66680672428897
2.56152514663411
2.34130418954771
2.02690791151278
1.65290985228153
1.26167776174857
0.844734214479227
0.489736181533045
0.207103595934541
-0.00835929143696879
-0.157324621613024
-0.272820058633935
-0.363345236815358
-0.435126598678471
-0.493994467051705
-0.544133666767662
-0.588642348604448
-0.629871490257165
-0.688013052032564
-0.747258698189571
-0.811223262048097
-0.883237291589807
-1.03776589191732
-1.25438093883958
-1.55917377561120
-1.96663826646833
-2.21265402209756
-2.44989281270182
-2.62789666087547
-2.67584909846163
-2.57584359442813
-2.35038214435804
-2.01906179326125
-1.61887709850537
-1.20448593729507
-0.820029889371993
-0.489504849999574
-0.223210247537413
-0.0394087301213767
0.106901495327835
0.222863090574018
0.314682237688738
0.394156998886955
0.458521187535692
0.512304453491454
0.558884501992766
0.611389354795746
0.660486323281593
0.709084150662099
0.759496130508034
0.850544159302200
0.959894560487582
1.09722713673369
1.27469450243866
1.39676237039663
1.53858019234765
1.70175752793775
1.88595932389148
2.08745806762527
2.29558406870836
2.48841017704103
2.63104874870714
2.67856707061077
2.64866416638233
2.52884338048600
2.31852619002388
2.03150157075484
1.69629448732960
1.34330000145700
1.00282117723308
0.675185296627060
0.397349429128334
0.171127238044116
-0.00808200512659751
-0.151730564743555
-0.264166861812785
-0.352976736761614
-0.423933832580829
-0.482007767852767
-0.531457148971553
-0.575137307853506
-0.615246716795249
-0.672567293822999
-0.729924581800952
-0.790866602116930
-0.858536369438354
-0.995892955853252
-1.18051955969340
-1.43399812604663
-1.77692101003631
-1.97437755115133
-2.18662459385351
-2.39644225957313
-2.57294727282991
-2.67289474238398
-2.64472366332685
-2.45984466678358
-2.12302255026768
-1.79670771601063
-1.44488911464958
-1.09668795203295
-0.777359252698347
-0.502148958411226
-0.271569946778227
-0.0836046204236456
0.0667958042843431
0.197140177006083
0.299400125795966
0.380632537621055
0.446171215598892
0.500483550096109
0.547339610044523
0.589303671337187
0.628365033620287
0.687465878342615
0.747670703125702
0.812782061082280
0.886296416971482
1.04120231066137
1.25833308026978
1.56354171815701
1.97075343107696
2.21940838570676
2.45786333072094
2.63349178041668
2.67316903650571
2.55881604150972
2.31375476862845
1.96251204768991
1.54647472291868
1.12420957116426
0.740430932568461
0.417040122087692
0.160802608006335
-0.0127429060257071
-0.150062863626019
-0.258591611830013
-0.344515753562564
-0.418081740904842
-0.478247566165708
-0.529133739966799
-0.573827100598966
-0.626745659364270
-0.677054693894423
-0.727729011053575
-0.781184062961050
-0.880535742689943
-1.00278644047583
-1.15960101177785
-1.36570851725616
-1.50295136312151
-1.66174289035656
-1.84232259438797
-2.04139405799602
-2.25063790598724
-2.44974956167441
-2.60668385354363
-2.67857025332270
-2.64360122961383
-2.51261434509799
-2.28695536445047
-1.98278343647041
-1.63174040065075
-1.26933861818556
-0.923977518438597
-0.617822477333569
-0.367436347437986
-0.160974684593623
0.00571409624677410
0.138414199047961
0.268094301666164
0.367333599759754
0.445299599526348
0.508024396879256
0.558615886981012
0.603889163007444
0.646323189341901
0.687845953210989
0.758088386845871
0.835548236883340
0.925731120456200
1.03470083288615
1.12036978696291
1.21973318562291
1.33541882971818
1.47013322998554
1.62607026124486
1.80502863132263
2.00450081587838
2.21573886790400
2.44372503482314
2.61661829158536
2.67572493759434
2.56693041198552
2.34376501666732
2.02166079154899
1.63768402573410
1.23712011613535
0.864389580705195
0.540690886805999
0.274651631362421
0.0642473380194022
-0.101430981011456
-0.229780920915809
-0.329857649399003
-0.408390371315298
-0.470577330792403
-0.522891357863375
-0.568611895913950
-0.610226990839798
-0.666239132424583
-0.721890285953048
-0.780533836838016
-0.845101339409468
-0.975440115513593
-1.14797758462937
-1.38256338745364
-1.70026406248400
-1.88899534201196
-2.09648459408862
-2.31005631501404
-2.50480179355205
-2.64437892506483
-2.67490785217854
-2.55737245202960
-2.28125543259263
-1.98583109031118
-1.64698490586255
-1.29488060213381
-0.958778907470015
-0.660065517508415
-0.404223021339104
-0.192469415497857
-0.0213415950778574
0.123654062762329
0.238080952991153
0.328935559983111
0.401746211979248
0.461328661007635
0.511745583570837
0.555821269246553
0.595748929912509
0.651778276433577
0.706490851093565
0.763296778846917
0.825075420111607
0.943223298344719
1.09530239858838
1.29764030141756
1.56952071961339
1.74025541200698
1.93332208774913
2.14258513050506
2.35309071216935
2.54078331667679
2.65928322677056
2.66247079984884
2.51613858813495
2.30777625568781
2.03029299263843
1.70735516245212
1.36748819718446
1.03924945737566
0.739885417598361
0.479413163170983
0.260934687107145
0.0617185263227029
-0.0956058022825667
-0.219138139901528
-0.315823209697279
-0.394764874419733
-0.458825077120095
-0.512442237243191
-0.558937431712477
-0.611877747451592
-0.661381039146601
-0.710400242845503
-0.761282615450651
-0.852942637351514
-0.963130177334827
-1.10162169892643
-1.28068496985488
-1.40257775843972
-1.54396550081910
-1.70637018567416
-1.88938462722503
-2.08927255410629
-2.29552411855433
-2.48674028724719
-2.62900922406415
-2.67803379367346
-2.64993982923895
-2.53199956063449
-2.32334712889466
-2.03746300536263
-1.70274917390186
-1.34963271109994
-1.00855967141392
-0.679463320126710
-0.400303808447679
-0.173026464043423
0.00695366326186253
0.151184842023042
0.264010687356120
0.353079093092926
0.424199395078482
0.482375500356200
0.531903546522432
0.575655410480576
0.615840454092647
0.673186705426738
0.730610499342760
0.791660578978659
0.859485421103614
0.997470437778859
1.18320733584609
1.43845121318506
1.78372936557341
1.98203270996897
2.19471370104725
2.40407827870885
2.57863182323152
2.67442225656046
2.64029840850344
2.44885814736748
2.10635473606291
1.77765021141332
1.42525150584621
1.07803207174594
0.760728628972522
0.487959129714069
0.259840326715964
0.0740968407270879
-0.0744237082423611
-0.205212224353532
-0.307441574808459
-0.388457203463760
-0.453724036285160
-0.507805508185550
-0.554589485860149
-0.596675256782030
-0.636072911426977
-0.696005513280801
-0.757671206953299
-0.824973987108588
-0.901585032238188
-1.06761423130923
-1.30748716458451
-1.64923004539044
-2.09563796377656
-2.27492676796140
-2.44502471971058
-2.58536385875229
-2.66918701671985
-2.66610011246422
-2.55455981061404
-2.33096832956504
-2.01109478660220
-1.60964372870761
-1.19450578779462
-0.805189004726087
-0.474363683783833
-0.249244829830155
-0.0657453554290544
0.0815730758240120
0.198707898013583
0.307056232110821
0.391858985580509
0.459961282454160
0.516235956939459
0.568391119298281
0.615267497979077
0.659591176102893
0.703467907216323
0.777359881901131
0.860389364402589
0.958675559033337
1.07922413685214
1.16541125802042
1.26463331063447
1.37908575535650
1.51091870162690
1.66173728955173
1.83252660695019
2.02063838511455
2.21831197360176
2.44795070058281
2.62018553744283
2.67467257662718
2.55681297807859
2.33350652942789
2.01652376844919
1.64090178186812
1.24930183097902
0.883419419911544
0.563591638331496
0.298641725824982
0.0873682140592917
-0.0824529788903070
-0.214265408793220
-0.317070054042036
-0.397652629630926
-0.461519323738513
-0.514983713747418
-0.561437351291236
-0.603449897000392
-0.658843843498994
-0.713409539714907
-0.770423324506168
-0.832702930217524
-0.956145812397544
-1.11701834283977
-1.33327017886561
-1.62534971165136
-1.80684405358995
-2.01015702770505
-2.22599699845256
-2.43397823703372
-2.60290008115324
-2.67872638517257
-2.61561899045039
-2.39056822516327
-2.12804532747917
-1.80961999095691
-1.46399347082186
-1.12142697297374
-0.807255289072129
-0.531872129488337
-0.299876272617395
-0.109972138750169
0.0760004155670528
0.218080593180673
0.327304926876992
0.411383236188091
0.471679132019014
0.522645387232910
0.567320810928233
0.608034405870870
0.664322367325561
0.720119332722219
0.778837040958258
0.843442245629845
0.972264390174598
1.14218706187612
1.37256040839608
1.68425700862935
1.87153771318143
2.07831525954295
2.29265819561139
2.49061166280279
2.63689079000931
2.67731133318012
2.57118673038647
2.30534363427418
2.09141983743296
1.84659907722835
1.58438588220022
1.31859435736092