1.01	0.99
1.0199	0.979751
1.0297	0.969256
1.03939	0.958521
1.04898	0.94755
1.05845	0.936347
1.06781	0.924917
1.07706	0.913267
1.0862	0.9014
1.09521	0.889322
1.1041	0.877039
1.11287	0.864557
1.12152	0.851882
1.13004	0.83902
1.13843	0.825977
1.14669	0.812759
1.15482	0.799372
1.16281	0.785824
1.17067	0.772121
1.17839	0.758269
1.18597	0.744275
1.19341	0.730146
1.20072	0.715888
1.20787	0.70151
1.21489	0.687016
1.22176	0.672415
1.22848	0.657712
1.23506	0.642916
1.24149	0.628032
1.24777	0.613068
1.2539	0.598029
1.25988	0.582923
1.26571	0.567757
1.27139	0.552536
1.27691	0.537268
1.28229	0.521958
1.28751	0.506613
1.29257	0.491239
1.29748	0.475842
1.30224	0.460428
1.30685	0.445003
1.3113	0.429572
1.31559	0.414141
1.31973	0.398715
1.32372	0.3833
1.32755	0.3679
1.33123	0.352521
1.33476	0.337167
1.33813	0.321843
1.34135	0.306553
1.34441	0.291302
1.34733	0.276094
1.35009	0.260933
1.3527	0.245822
1.35516	0.230765
1.35746	0.215766
1.35962	0.200827
1.36163	0.185953
1.36349	0.171146
1.3652	0.156408
1.36676	0.141743
1.36818	0.127152
1.36945	0.112639
1.37058	0.0982048
1.37156	0.083852
1.3724	0.0695822
1.3731	0.0553971
1.37365	0.0412983
1.37406	0.0272871
1.37434	0.0133647
1.37447	-0.000467732
1.37447	-0.0142093
1.37432	-0.0278592
1.37404	-0.0414167
1.37363	-0.0548813
1.37308	-0.0682526
1.3724	-0.0815302
1.37158	-0.094714
1.37064	-0.107804
1.36956	-0.1208
1.36835	-0.133702
1.36701	-0.146511
1.36555	-0.159226
1.36396	-0.171849
1.36224	-0.18438
1.36039	-0.196819
1.35843	-0.209167
1.35633	-0.221425
1.35412	-0.233594
1.35178	-0.245675
1.34933	-0.257668
1.34675	-0.269576
1.34405	-0.281398
1.34124	-0.293136
1.33831	-0.304792
1.33526	-0.316367
1.3321	-0.327862
1.32882	-0.339279
1.32543	-0.350618
1.32192	-0.361882
1.3183	-0.373073
1.31457	-0.384191
1.31073	-0.395239
1.30678	-0.406218
1.30271	-0.41713
1.29854	-0.427976
1.29426	-0.438759
1.28988	-0.44948
1.28538	-0.460141
1.28078	-0.470744
1.27607	-0.481291
1.27126	-0.491783
1.26634	-0.502223
1.26132	-0.512613
1.25619	-0.522955
1.25096	-0.533249
1.24563	-0.5435
1.2402	-0.553708
1.23466	-0.563875
1.22902	-0.574004
1.22328	-0.584096
1.21744	-0.594155
1.2115	-0.60418
1.20546	-0.614176
1.19931	-0.624143
1.19307	-0.634084
1.18673	-0.644002
1.18029	-0.653897
1.17375	-0.663772
1.16711	-0.673629
1.16038	-0.68347
1.15354	-0.693298
1.14661	-0.703114
1.13958	-0.712921
1.13245	-0.72272
1.12522	-0.732513
1.1179	-0.742303
1.11047	-0.752092
1.10295	-0.761882
1.09534	-0.771674
1.08762	-0.781472
1.0798	-0.791276
1.07189	-0.801089
1.06388	-0.810913
1.05577	-0.82075
1.04756	-0.830602
1.03926	-0.840471
1.03085	-0.850359
1.02235	-0.860267
1.01375	-0.870199
1.00504	-0.880156
0.996243	-0.89014
0.987341	-0.900152
0.97834	-0.910196
0.969238	-0.920271
0.960035	-0.930382
0.950731	-0.940529
0.941326	-0.950714
0.931819	-0.96094
0.92221	-0.971207
0.912498	-0.981518
0.902682	-0.991875
0.892764	-1.00228
0.882741	-1.01273
0.872613	-1.02324
0.862381	-1.03379
0.852043	-1.0444
0.841599	-1.05507
0.831048	-1.0658
0.82039	-1.07658
0.809625	-1.08742
0.79875	-1.09833
0.787767	-1.1093
0.776674	-1.12033
0.765471	-1.13143
0.754156	-1.1426
0.74273	-1.15384
0.731192	-1.16515
0.719541	-1.17652
0.707775	-1.18798
0.695896	-1.1995
0.683901	-1.2111
0.67179	-1.22277
0.659562	-1.23452
0.647217	-1.24635
0.634753	-1.25825
0.622171	-1.27024
0.609468	-1.2823
0.596645	-1.29444
0.583701	-1.30665
0.570634	-1.31895
0.557445	-1.33133
0.544132	-1.34379
0.530694	-1.35632
0.51713	-1.36894
0.503441	-1.38163
0.489625	-1.3944
0.475681	-1.40725
0.461608	-1.42017
0.447407	-1.43317
0.433075	-1.44624
0.418613	-1.45938
0.404019	-1.4726
0.389293	-1.48588
0.374434	-1.49923
0.359442	-1.51264
0.344315	-1.52611
0.329054	-1.53964
0.313658	-1.55323
0.298126	-1.56687
0.282457	-1.58056
0.266651	-1.59429
0.250708	-1.60807
0.234628	-1.62187
0.218409	-1.63572
0.202052	-1.64958
0.185556	-1.66347
0.168921	-1.67737
0.152148	-1.69128
0.135235	-1.70519
0.118183	-1.7191
0.100992	-1.733
0.0836619	-1.74687
0.0661932	-1.76072
0.048586	-1.77453
0.0308407	-1.78829
0.0129578	-1.802
-0.00506218	-1.81564
-0.0232186	-1.82921
-0.0415107	-1.84269
-0.0599375	-1.85607
-0.0784982	-1.86934
-0.0971916	-1.88249
-0.116016	-1.8955
-0.134971	-1.90837
-0.154055	-1.92107
-0.173266	-1.93359
-0.192602	-1.94593
-0.212061	-1.95805
-0.231642	-1.96996
-0.251341	-1.98162
-0.271157	-1.99303
-0.291088	-2.00417
-0.31113	-2.01502
-0.33128	-2.02556
-0.351535	-2.03577
-0.371893	-2.04563
-0.392349	-2.05514
-0.412901	-2.06425
-0.433543	-2.07297
-0.454273	-2.08126
-0.475085	-2.0891
-0.495976	-2.09648
-0.516941	-2.10338
-0.537975	-2.10977
-0.559073	-2.11563
-0.580229	-2.12095
-0.601439	-2.1257
-0.622696	-2.12986
-0.643994	-2.13341
-0.665328	-2.13634
-0.686692	-2.13862
-0.708078	-2.14022
-0.72948	-2.14115
-0.750892	-2.14137
-0.772305	-2.14086
-0.793714	-2.13962
-0.81511	-2.13762
-0.836486	-2.13485
-0.857835	-2.13129
-0.879148	-2.12694
-0.900417	-2.12177
-0.921635	-2.11577
-0.942792	-2.10895
-0.963882	-2.10128
-0.984895	-2.09276
-1.00582	-2.08338
-1.02666	-2.07314
-1.04739	-2.06203
-1.06801	-2.05006
-1.08851	-2.03721
-1.10888	-2.0235
-1.12912	-2.00893
-1.1492	-1.9935
-1.16914	-1.97721
-1.18891	-1.96008
-1.20851	-1.94211
-1.22793	-1.92332
-1.24717	-1.90371
-1.2662	-1.88331
-1.28504	-1.86213
-1.30366	-1.84018
-1.32206	-1.81749
-1.34024	-1.79408
-1.35818	-1.76996
-1.37588	-1.74517
-1.39333	-1.71972
-1.41052	-1.69364
-1.42746	-1.66697
-1.44413	-1.63972
-1.46053	-1.61193
-1.47665	-1.58363
-1.49248	-1.55484
-1.50803	-1.5256
-1.52329	-1.49594
-1.53825	-1.46589
-1.55291	-1.43549
-1.56726	-1.40476
-1.58131	-1.37375
-1.59505	-1.34248
-1.60847	-1.31098
-1.62158	-1.27929
-1.63437	-1.24744
-1.64685	-1.21546
-1.659	-1.18338
-1.67084	-1.15124
-1.68235	-1.11906
-1.69354	-1.08688
-1.70441	-1.05471
-1.71496	-1.0226
-1.72518	-0.990563
-1.73509	-0.958629
-1.74467	-0.926823
-1.75394	-0.895169
-1.76289	-0.86369
-1.77153	-0.832407
-1.77985	-0.801342
-1.78787	-0.770515
-1.79557	-0.739943
-1.80297	-0.709644
-1.81007	-0.679636
-1.81686	-0.649932
-1.82336	-0.620547
-1.82957	-0.591494
-1.83548	-0.562785
-1.84111	-0.534431
-1.84646	-0.506442
-1.85152	-0.478825
-1.85631	-0.45159
-1.86083	-0.424743
-1.86507	-0.39829
-1.86906	-0.372235
-1.87278	-0.346584
-1.87624	-0.321339
-1.87946	-0.296502
-1.88242	-0.272076
-1.88514	-0.248062
-1.88762	-0.224459
-1.88987	-0.201268
-1.89188	-0.178488
-1.89367	-0.156116
-1.89523	-0.134152
-1.89657	-0.112592
-1.89769	-0.091433
-1.89861	-0.0706723
-1.89932	-0.0503056
-1.89982	-0.0303287
-1.90012	-0.010737
-1.90023	0.00847446
-1.90014	0.0273108
-1.89987	0.0457775
-1.89941	0.0638803
-1.89877	0.0816251
-1.89796	0.0990178
-1.89697	0.116065
-1.89581	0.132773
-1.89448	0.149148
-1.89299	0.165196
-1.89134	0.180925
-1.88953	0.196342
-1.88756	0.211452
-1.88545	0.226263
-1.88319	0.240782
-1.88078	0.255015
-1.87823	0.26897
-1.87554	0.282653
-1.87271	0.296072
-1.86975	0.309232
-1.86666	0.322141
-1.86344	0.334805
-1.86009	0.347231
-1.85662	0.359425
-1.85302	0.371395
-1.84931	0.383146
-1.84548	0.394686
-1.84153	0.406019
-1.83747	0.417152
-1.8333	0.428093
-1.82902	0.438845
-1.82463	0.449416
-1.82014	0.459811
-1.81554	0.470037
-1.81084	0.480097
-1.80604	0.489999
-1.80114	0.499747
-1.79614	0.509348
-1.79105	0.518805
-1.78586	0.528125
-1.78058	0.537312
-1.7752	0.546371
-1.76974	0.555307
-1.76419	0.564125
-1.75854	0.57283
-1.75282	0.581426
-1.747	0.589917
-1.7411	0.598308
-1.73512	0.606603
-1.72905	0.614807
-1.72291	0.622923
-1.71668	0.630956
-1.71037	0.638909
-1.70398	0.646787
-1.69751	0.654593
-1.69096	0.662331
-1.68434	0.670004
-1.67764	0.677617
-1.67086	0.685172
-1.66401	0.692673
-1.65709	0.700123
-1.65009	0.707526
-1.64301	0.714885
-1.63586	0.722203
-1.62864	0.729483
-1.62134	0.736729
-1.61398	0.743943
-1.60654	0.751128
-1.59903	0.758287
-1.59144	0.765423
-1.58379	0.772539
-1.57606	0.779637
-1.56827	0.78672
-1.5604	0.793792
-1.55246	0.800853
-1.54445	0.807908
-1.53637	0.814958
-1.52822	0.822007
-1.52	0.829056
-1.51171	0.836108
-1.50335	0.843165
-1.49492	0.85023
-1.48642	0.857306
-1.47785	0.864393
-1.4692	0.871496
-1.46049	0.878615
-1.4517	0.885754
-1.44284	0.892914
-1.43391	0.900098
-1.42491	0.907308
-1.41584	0.914545
-1.40669	0.921813
-1.39748	0.929113
-1.38819	0.936447
-1.37882	0.943818
-1.36938	0.951227
-1.35987	0.958677
-1.35028	0.96617
-1.34062	0.973707
-1.33089	0.981291
-1.32107	0.988924
-1.31118	0.996607
-1.30122	1.00434
-1.29117	1.01213
-1.28105	1.01998
-1.27085	1.02789
-1.26057	1.03585
-1.25022	1.04388
-1.23978	1.05198
-1.22926	1.06014
-1.21866	1.06837
-1.20797	1.07667
-1.1972	1.08504
-1.18635	1.09348
-1.17542	1.10201
-1.1644	1.11061
-1.15329	1.11929
-1.1421	1.12805
-1.13082	1.13689
-1.11945	1.14583
-1.10799	1.15485
-1.09644	1.16395
-1.0848	1.17315
-1.07307	1.18245
-1.06125	1.19183
-1.04933	1.20132
-1.03732	1.2109
-1.02521	1.22058
-1.013	1.23037
-1.0007	1.24025
-0.988296	1.25025
-0.975794	1.26035
-0.96319	1.27056
-0.950485	1.28088
-0.937676	1.29131
-0.924763	1.30186
-0.911744	1.31252
-0.898619	1.3233
-0.885386	1.3342
-0.872044	1.34521
-0.858592	1.35635
-0.845028	1.36761
-0.831352	1.37899
-0.817562	1.3905
-0.803657	1.40213
-0.789636	1.41389
-0.775497	1.42578
-0.761239	1.4378
-0.746861	1.44995
-0.732362	1.46222
-0.71774	1.47463
-0.702993	1.48717
-0.688121	1.49984
-0.673123	1.51265
-0.657997	1.52558
-0.642741	1.53865
-0.627354	1.55185
-0.611836	1.56518
-0.596184	1.57865
-0.580397	1.59224
-0.564475	1.60596
-0.548415	1.61981
-0.532217	1.63379
-0.515879	1.6479
-0.4994	1.66213
-0.482779	1.67648
-0.466014	1.69095
-0.449105	1.70554
-0.432049	1.72024
-0.414847	1.73505
-0.397497	1.74997
-0.379997	1.765
-0.362347	1.78013
-0.344546	1.79535
-0.326592	1.81066
-0.308485	1.82606
-0.290225	1.84153
-0.27181	1.85709
-0.253239	1.8727
-0.234512	1.88838
-0.215628	1.90411
-0.196587	1.91988
-0.177388	1.93569
-0.158031	1.95152
-0.138516	1.96738
-0.118842	1.98323
-0.0990097	1.99909
-0.0790189	2.01492
-0.0588697	2.03073
-0.0385624	2.0465
-0.0180974	2.06221
0.00252468	2.07785
0.0233032	2.09341
0.0442373	2.10887
0.0653259	2.12421
0.0865681	2.13942
0.107962	2.15448
0.129507	2.16937
0.151201	2.18407
0.173042	2.19857
0.195027	2.21283
0.217156	2.22685
0.239424	2.24059
0.26183	2.25404
0.28437	2.26716
0.307042	2.27995
0.329841	2.29237
0.352765	2.30439
0.375809	2.316
0.398969	2.32715
0.422241	2.33784
0.445619	2.34803
0.469099	2.35768
0.492676	2.36678
0.516344	2.3753
0.540097	2.3832
0.563929	2.39046
0.587833	2.39705
0.611804	2.40293
0.635833	2.40809
0.659914	2.41249
0.684039	2.41611
0.7082	2.41891
0.732389	2.42087
0.756598	2.42196
0.780818	2.42216
0.805039	2.42145
0.829254	2.41979
0.853452	2.41716
0.877623	2.41355
0.901759	2.40894
0.925848	2.40329
0.949881	2.39661
0.973847	2.38887
0.997736	2.38005
1.02154	2.37016
1.04524	2.35917
1.06883	2.34708
1.0923	2.33388
1.11564	2.31958
1.13883	2.30417
1.16188	2.28765
1.18475	2.27002
1.20745	2.25131
1.22997	2.2315
1.25228	2.21062
1.27439	2.18867
1.29627	2.16568
1.31793	2.14167
1.33935	2.11665
1.36051	2.09066
1.38142	2.06371
1.40206	2.03584
1.42242	2.00707
1.44249	1.97744
1.46226	1.94699
1.48173	1.91575
1.50089	1.88375
1.51973	1.85104
1.53824	1.81767
1.55641	1.78366
1.57425	1.74907
1.59174	1.71393
1.60888	1.6783
1.62566	1.64222
1.64209	1.60573
1.65814	1.56888
1.67383	1.53171
1.68915	1.49427
1.70409	1.45661
1.71866	1.41877
1.73285	1.3808
1.74665	1.34273
1.76008	1.30461
1.77313	1.26648
1.78579	1.22839
1.79808	1.19036
1.80998	1.15244
1.8215	1.11467
1.83265	1.07708
1.84342	1.0397
1.85382	1.00256
1.86384	0.965704
1.8735	0.929148
1.88279	0.892921
1.89172	0.85705
1.90029	0.821558
1.90851	0.786467
1.91637	0.751795
1.92389	0.717563
1.93107	0.683786
1.9379	0.65048
1.94441	0.617658
1.95058	0.585332
1.95644	0.553514
1.96197	0.522211
1.9672	0.491431
1.97211	0.461182
1.97672	0.431467
1.98104	0.402292
1.98506	0.373658
1.9888	0.345567
1.99225	0.318019
1.99543	0.291015
1.99834	0.264553
2.00099	0.23863
2.00337	0.213244
2.00551	0.188391
2.00739	0.164066
2.00903	0.140264
2.01043	0.116979
2.0116	0.0942063
2.01254	0.0719378
2.01326	0.0501666
2.01377	0.0288851
2.01405	0.0080856
2.01414	-0.0122403
2.01401	-0.032101
2.01369	-0.0515053
2.01318	-0.0704622
2.01247	-0.0889806
2.01158	-0.10707
2.01051	-0.124739
2.00926	-0.141998
2.00784	-0.158856
2.00626	-0.175323
2.0045	-0.191408
2.00259	-0.20712
2.00052	-0.22247
1.99829	-0.237466
1.99592	-0.252118
1.9934	-0.266436
1.99073	-0.280428
1.98793	-0.294103
1.98499	-0.307471
1.98191	-0.320541
1.97871	-0.333321
1.97537	-0.34582
1.97192	-0.358047
1.96834	-0.370009
1.96464	-0.381716
1.96082	-0.393175
1.95689	-0.404395
1.95284	-0.415382
1.94869	-0.426145
1.94443	-0.436691
1.94006	-0.447028
1.93559	-0.457162
1.93102	-0.467101
1.92635	-0.476852
1.92158	-0.48642
1.91671	-0.495813
1.91176	-0.505038
1.90671	-0.5141
1.90157	-0.523005
1.89634	-0.531759
1.89102	-0.540369
1.88561	-0.548839
1.88013	-0.557176
1.87455	-0.565385
1.8689	-0.57347
1.86317	-0.581437
1.85735	-0.589292
1.85146	-0.597038
1.84549	-0.604681
1.83944	-0.612225
1.83332	-0.619675
1.82712	-0.627035
1.82085	-0.63431
1.81451	-0.641503
1.80809	-0.648618
1.80161	-0.65566
1.79505	-0.662633
1.78842	-0.66954
1.78173	-0.676384
1.77496	-0.68317
1.76813	-0.689901
1.76123	-0.69658
1.75427	-0.703212
1.74724	-0.709798
1.74014	-0.716342
1.73297	-0.722847
1.72575	-0.729317
1.71845	-0.735754
1.7111	-0.742161
1.70367	-0.748541
1.69619	-0.754897
1.68864	-0.761231
1.68103	-0.767547
1.67335	-0.773847
1.66561	-0.780133
1.65781	-0.786408
1.64995	-0.792674
1.64202	-0.798934
1.63403	-0.80519
1.62598	-0.811445
1.61787	-0.817701
1.60969	-0.82396
1.60145	-0.830225
1.59315	-0.836497
1.58478	-0.842778
1.57635	-0.849072
1.56786	-0.85538
1.55931	-0.861703
1.55069	-0.868045
1.54201	-0.874408
1.53327	-0.880792
1.52446	-0.887201
1.51559	-0.893636
1.50665	-0.900099
1.49765	-0.906592
1.48858	-0.913117
1.47945	-0.919676
1.47026	-0.926271
1.46099	-0.932903
1.45166	-0.939575
1.44227	-0.946289
1.43281	-0.953045
1.42328	-0.959847
1.41368	-0.966696
1.40401	-0.973594
1.39427	-0.980542
1.38447	-0.987542
1.37459	-0.994597
1.36465	-1.00171
1.35463	-1.00888
1.34454	-1.0161
1.33438	-1.02339
1.32415	-1.03075
1.31384	-1.03816
1.30346	-1.04565
1.293	-1.0532
1.28247	-1.06082
1.27186	-1.06852
1.26118	-1.07629
1.25041	-1.08413
1.23957	-1.09205
1.22865	-1.10006
1.21765	-1.10814
1.20657	-1.1163
1.19541	-1.12455
1.18416	-1.13289
1.17283	-1.14131
1.16142	-1.14983
1.14992	-1.15843
1.13834	-1.16713
1.12666	-1.17592
1.11491	-1.18482
1.10306	-1.1938
1.09112	-1.20289
1.07909	-1.21209
1.06697	-1.22138
1.05476	-1.23078
1.04245	-1.24029
1.03004	-1.24991
1.01755	-1.25964
1.00495	-1.26948
0.992254	-1.27944
0.97946	-1.28951
0.966565	-1.29969
0.953568	-1.31
0.940468	-1.32043
0.927264	-1.33098
0.913954	-1.34165
0.900538	-1.35245
0.887013	-1.36337
0.873379	-1.37442
0.859635	-1.3856
0.845779	-1.39691
0.83181	-1.40835
0.817727	-1.41992
0.803527	-1.43162
0.789211	-1.44346
0.774777	-1.45544
0.760222	-1.46755
0.745547	-1.4798
0.730749	-1.49218
0.715827	-1.50471
0.70078	-1.51737
0.685606	-1.53017
0.670304	-1.5431
0.654873	-1.55618
0.639312	-1.5694
0.623618	-1.58275
0.60779	-1.59624
0.591828	-1.60987
0.575729	-1.62363
0.559493	-1.63753
0.543118	-1.65156
0.526602	-1.66572
0.509945	-1.68002
0.493145	-1.69444
0.4762	-1.70899
0.45911	-1.72366
0.441874	-1.73846
0.424489	-1.75337
0.406955	-1.76839
0.389271	-1.78353
0.371436	-1.79877
0.353448	-1.81412
0.335307	-1.82956
0.317012	-1.84509
0.298561	-1.86071
0.279954	-1.8764
0.26119	-1.89217
0.242268	-1.90801
0.223188	-1.9239
0.203949	-1.93984
0.184551	-1.95583
0.164992	-1.97184
0.145274	-1.98788
0.125395	-2.00392
0.105356	-2.01997
0.0851562	-2.03601
0.0647961	-2.05202
0.044276	-2.06799
0.0235961	-2.08391
0.00275693	-2.09977
-0.0182408	-2.11554
-0.0393962	-2.13122
-0.0607084	-2.14679
-0.0821763	-2.16222
-0.103799	-2.17751
-0.125574	-2.19263
-0.1475	-2.20756
-0.169575	-2.22228
-0.191798	-2.23677
-0.214166	-2.25101
-0.236676	-2.26498
-0.259326	-2.27865
-0.282112	-2.29199
-0.305032	-2.30499
-0.328082	-2.31762
-0.351258	-2.32985
-0.374557	-2.34166
-0.397973	-2.35301
-0.421504	-2.36388
-0.445142	-2.37425
-0.468885	-2.38408
-0.492726	-2.39334
-0.516659	-2.402
-0.540679	-2.41004
-0.564779	-2.41742
-0.588954	-2.42412
-0.613195	-2.43011
-0.637496	-2.43535
-0.661849	-2.43982
-0.686248	-2.44348
-0.710682	-2.44631
-0.735146	-2.44829
-0.759629	-2.44938
-0.784122	-2.44955
-0.808618	-2.44878
-0.833106	-2.44706
-0.857576	-2.44434
-0.88202	-2.44061
-0.906426	-2.43586
-0.930784	-2.43005
-0.955085	-2.42318
-0.979317	-2.41523
-1.00347	-2.40617
-1.02753	-2.39601
-1.05149	-2.38474
-1.07534	-2.37233
-1.09906	-2.3588
-1.12265	-2.34413
-1.14609	-2.32832
-1.16937	-2.31139
-1.19249	-2.29332
-1.21542	-2.27414
-1.23816	-2.25385
-1.2607	-2.23245
-1.28303	-2.20998
-1.30513	-2.18644
-1.32699	-2.16185
-1.34861	-2.13625
-1.36997	-2.10964
-1.39107	-2.08207
-1.41189	-2.05356
-1.43242	-2.02414
-1.45266	-1.99385
-1.4726	-1.96272
-1.49223	-1.93079
-1.51154	-1.8981
-1.53052	-1.8647
-1.54917	-1.83062
-1.56747	-1.79591
-1.58543	-1.76061
-1.60304	-1.72477
-1.62029	-1.68843
-1.63717	-1.65165
-1.65369	-1.61446
-1.66983	-1.57692
-1.6856	-1.53907
-1.70099	-1.50096
-1.716	-1.46264
-1.73063	-1.42414
-1.74487	-1.38553
-1.75872	-1.34683
-1.77219	-1.3081
-1.78527	-1.26938
-1.79797	-1.2307
-1.81027	-1.19212
-1.82219	-1.15365
-1.83373	-1.11535
-1.84488	-1.07725
-1.85566	-1.03939
-1.86605	-1.00178
-1.87607	-0.964472
-1.88571	-0.927485
-1.89499	-0.890849
-1.9039	-0.854587
-1.91244	-0.818725
-1.92063	-0.783283
-1.92846	-0.748281
-1.93595	-0.713737
-1.94308	-0.679668
-1.94988	-0.646089
-1.95634	-0.613012
-1.96247	-0.58045
-1.96827	-0.548413
-1.97376	-0.516908
-1.97893	-0.485945
-1.98379	-0.455527
-1.98834	-0.425661
-1.9926	-0.396348
-1.99656	-0.367592
-2.00024	-0.339394
-2.00363	-0.311752
-2.00675	-0.284668
-2.0096	-0.258137
-2.01218	-0.232159
-2.0145	-0.206728
-2.01657	-0.181842
-2.01839	-0.157494
-2.01996	-0.133679
-2.0213	-0.110391
-2.0224	-0.0876237
-2.02328	-0.0653689
-2.02393	-0.0436194
-2.02437	-0.0223672
-2.02459	-0.00160379
-2.02461	0.0186794
-2.02442	0.0384913
-2.02404	0.0578411
-2.02346	0.0767381
-2.02269	0.0951917
-2.02174	0.113212
-2.02061	0.130808
-2.0193	0.147989
-2.01782	0.164766
-2.01617	0.181149
-2.01436	0.197146
-2.01239	0.212769
-2.01026	0.228026
-2.00798	0.242928
-2.00555	0.257483
-2.00297	0.271703
-2.00026	0.285595
-1.9974	0.299169
-1.99441	0.312435
-1.99129	0.325402
-1.98803	0.338078
-1.98465	0.350473
-1.98115	0.362594
-1.97752	0.374452
-1.97378	0.386053
-1.96992	0.397406
-1.96594	0.40852
-1.96186	0.419401
-1.95766	0.430058
-1.95336	0.440499
-1.94896	0.450731
-1.94445	0.46076
-1.93984	0.470595
-1.93514	0.480241
-1.93033	0.489707
-1.92544	0.498997
-1.92045	0.50812
-1.91537	0.51708
-1.91019	0.525884
-1.90494	0.534539
-1.89959	0.543049
-1.89416	0.551422
-1.88865	0.559661
-1.88305	0.567772
-1.87737	0.575762
-1.87161	0.583634
-1.86578	0.591394
-1.85986	0.599047
-1.85387	0.606597
-1.84781	0.61405
-1.84167	0.621409
-1.83545	0.628678
-1.82917	0.635863
-1.82281	0.642968
-1.81638	0.649996
-1.80988	0.656951
-1.80331	0.663837
-1.79667	0.670658
-1.78996	0.677418
-1.78319	0.68412
-1.77635	0.690768
-1.76944	0.697365
-1.76247	0.703914
-1.75543	0.710419
-1.74832	0.716882
-1.74115	0.723308
-1.73392	0.729698
-1.72662	0.736057
-1.71926	0.742386
-1.71184	0.748688
-1.70435	0.754967
-1.6968	0.761225
-1.68919	0.767465
-1.68152	0.773689
-1.67378	0.7799
-1.66598	0.7861
-1.65812	0.792292
-1.6502	0.798478
-1.64221	0.804661
-1.63416	0.810842
-1.62606	0.817025
-1.61789	0.823211
-1.60965	0.829403
-1.60136	0.835603
-1.593	0.841813
-1.58459	0.848035
-1.57611	0.854271
-1.56756	0.860523
-1.55896	0.866794
-1.55029	0.873085
-1.54156	0.879398
-1.53276	0.885736
-1.52391	0.892099
-1.51499	0.898491
-1.506	0.904913
-1.49695	0.911367
-1.48784	0.917855
-1.47866	0.924379
-1.46942	0.93094
-1.46011	0.937541
-1.45073	0.944183
-1.44129	0.950868
-1.43178	0.957598
-1.4222	0.964375
-1.41256	0.9712
-1.40285	0.978075
-1.39307	0.985003
-1.38322	0.991985
-1.3733	0.999022
-1.36331	1.00612
-1.35325	1.01327
-1.34311	1.02049
-1.33291	1.02776
-1.32263	1.03511
-1.31228	1.04252
-1.30186	1.04999
-1.29136	1.05754
-1.28078	1.06516
-1.27013	1.07285
-1.2594	1.08062
-1.24859	1.08846
-1.23771	1.09638
-1.22675	1.10439
-1.2157	1.11247
-1.20458	1.12064
-1.19337	1.1289
-1.18208	1.13724
-1.17071	1.14567
-1.15925	1.15419
-1.14771	1.16281
-1.13608	1.17152
-1.12437	1.18033
-1.11256	1.18923
-1.10067	1.19824
-1.08869	1.20734
-1.07662	1.21655
-1.06445	1.22587
-1.05219	1.23529
-1.03984	1.24482
-1.02739	1.25446
-1.01485	1.26421
-1.0022	1.27407
-0.989463	1.28405
-0.976623	1.29415
-0.963681	1.30436
-0.950637	1.3147
-0.93749	1.32516
-0.924239	1.33573
-0.910882	1.34644
-0.897417	1.35727
-0.883845	1.36822
-0.870162	1.3793
-0.856369	1.39052
-0.842464	1.40186
-0.828445	1.41334
-0.814312	1.42495
-0.800063	1.43669
-0.785696	1.44857
-0.77121	1.46059
-0.756604	1.47274
-0.741877	1.48502
-0.727027	1.49745
-0.712052	1.51002
-0.696952	1.52272
-0.681725	1.53556
-0.666369	1.54854
-0.650884	1.56166
-0.635267	1.57492
-0.619518	1.58832
-0.603635	1.60186
-0.587616	1.61553
-0.571461	1.62934
-0.555167	1.64328
-0.538734	1.65736
-0.522161	1.67157
-0.505445	1.68591
-0.488586	1.70038
-0.471582	1.71497
-0.454432	1.72969
-0.437136	1.74453
-0.41969	1.75948
-0.402095	1.77455
-0.38435	1.78973
-0.366453	1.80501
-0.348402	1.8204
-0.330198	1.83588
-0.31184	1.85145
-0.293325	1.8671
-0.274654	1.88283
-0.255826	1.89864
-0.236839	1.9145
-0.217694	1.93042
-0.19839	1.94639
-0.178926	1.9624
-0.159302	1.97844
-0.139518	1.99449
-0.119573	2.01055
-0.0994674	2.02661
-0.0792013	2.04266
-0.0587747	2.05867
-0.038188	2.07465
-0.0174415	2.09057
0.00346417	2.10642
0.0245283	2.12218
0.0457501	2.13784
0.0671285	2.15338
0.0886624	2.16879
0.11035	2.18404
0.132191	2.19912
0.154182	2.214
0.176322	2.22867
0.198609	2.2431
0.22104	2.25728
0.243612	2.27117
0.266324	2.28475
0.289172	2.29801
0.312152	2.31091
0.335261	2.32344
0.358495	2.33555
0.381851	2.34723
0.405323	2.35845
0.428907	2.36918
0.452599	2.37939
0.476393	2.38905
0.500284	2.39814
0.524265	2.40662
0.548331	2.41447
0.572476	2.42165
0.596692	2.42813
0.620974	2.43389
0.645313	2.4389
0.669702	2.44312
0.694133	2.44653
0.718598	2.4491
0.743089	2.45079
0.767597	2.45159
0.792113	2.45147
0.816628	2.4504
0.841132	2.44836
0.865615	2.44532
0.890068	2.44126
0.914481	2.43616
0.938843	2.43001
0.963143	2.42278
0.987371	2.41446
1.01152	2.40504
1.03557	2.39451
1.05951	2.38286
1.08334	2.37007
1.10704	2.35615
1.1306	2.34109
1.15401	2.3249
1.17726	2.30758
1.20034	2.28913
1.22323	2.26955
1.24592	2.24887
1.26841	2.2271
1.29068	2.20425
1.31273	2.18033
1.33453	2.15538
1.35608	2.12941
1.37738	2.10245
1.3984	2.07453
1.41915	2.04568
1.4396	2.01593
1.45976	1.98532
1.47962	1.95388
1.49916	1.92166
1.51837	1.88868
1.53726	1.85501
1.55581	1.82067
1.57402	1.78572
1.59187	1.75019
1.60937	1.71413
1.62652	1.6776
1.64329	1.64063
1.6597	1.60327
1.67573	1.56558
1.69139	1.52759
1.70666	1.48936
1.72156	1.45092
1.73606	1.41234
1.75019	1.37365
1.76392	1.33489
1.77727	1.29611
1.79023	1.25735
1.80281	1.21866
1.81499	1.18006
1.8268	1.14161
1.83821	1.10333
1.84924	1.06526
1.8599	1.02744
1.87017	0.989888
1.88007	0.952644
1.8896	0.915733
1.89875	0.879183
1.90755	0.843016
1.91598	0.807257
1.92405	0.771926
1.93177	0.737043
1.93914	0.702624
1.94617	0.668687
1.95285	0.635246
1.9592	0.602312
1.96523	0.569898
1.97093	0.538012
1.97631	0.506663
1.98137	0.475858
1.98613	0.445602
1.99059	0.4159
1.99475	0.386753
1.99861	0.358165
2.0022	0.330135
2.0055	0.302663
2.00852	0.275748
2.01128	0.249388
2.01378	0.223579
2.01601	0.198318
2.01799	0.1736
2.01973	0.14942
2.02122	0.125772
2.02248	0.10265
2.02351	0.0800455
2.02431	0.0579526
2.02489	0.0363631
2.02525	0.0152687
2.02541	-0.00533903
2.02535	-0.0254689
2.0251	-0.0451298
2.02465	-0.0643312
2.024	-0.0830823
2.02317	-0.101393
2.02216	-0.119272
2.02096	-0.136731
2.0196	-0.153777
2.01806	-0.170422
2.01636	-0.186676
2.01449	-0.202547
2.01246	-0.218046
2.01028	-0.233183
2.00795	-0.247967
2.00547	-0.262408
2.00285	-0.276516
2.00008	-0.290299
1.99718	-0.303767
1.99414	-0.31693
1.99097	-0.329796
1.98767	-0.342375
1.98425	-0.354674
1.9807	-0.366703
1.97704	-0.378471
1.97325	-0.389985
1.96935	-0.401253
1.96534	-0.412285
1.96122	-0.423087
1.95699	-0.433667
1.95265	-0.444033
1.94821	-0.454192
1.94367	-0.464151
1.93903	-0.473918
1.93429	-0.483499
1.92945	-0.4929
1.92452	-0.50213
1.9195	-0.511192
1.91439	-0.520095
1.90919	-0.528844
1.9039	-0.537445
1.89853	-0.545904
1.89307	-0.554226
1.88752	-0.562417
1.8819	-0.570482
1.87619	-0.578427
1.87041	-0.586256
1.86455	-0.593975
1.85861	-0.601588
1.85259	-0.6091
1.8465	-0.616515
1.84034	-0.623839
1.8341	-0.631075
1.82779	-0.638227
1.8214	-0.6453
1.81495	-0.652298
1.80843	-0.659224
1.80184	-0.666083
1.79518	-0.672878
1.78845	-0.679613
1.78165	-0.686292
1.77479	-0.692917
1.76786	-0.699492
1.76086	-0.706021
1.7538	-0.712506
1.74668	-0.718951
1.73949	-0.72536
1.73224	-0.731734
1.72492	-0.738076
1.71754	-0.744391
1.71009	-0.75068
1.70259	-0.756946
1.69502	-0.763192
1.68739	-0.769421
1.67969	-0.775635
1.67193	-0.781837
1.66412	-0.788028
1.65624	-0.794213
1.64829	-0.800392
1.64029	-0.806569
1.63222	-0.812745
1.6241	-0.818923
1.61591	-0.825106
1.60766	-0.831294
1.59934	-0.837492
1.59097	-0.8437
1.58253	-0.84992
1.57403	-0.856156
1.56547	-0.862409
1.55685	-0.86868
1.54816	-0.874972
1.53941	-0.881288
1.5306	-0.887628
1.52172	-0.893995
1.51278	-0.900391
1.50378	-0.906818
1.49471	-0.913277
1.48558	-0.919771
1.47638	-0.926301
1.46712	-0.932869
1.45779	-0.939477
1.44839	-0.946127
1.43893	-0.952821
1.4294	-0.95956
1.41981	-0.966346
1.41014	-0.973182
1.40041	-0.980068
1.39061	-0.987008
1.38074	-0.994001
1.3708	-1.00105
1.36079	-1.00816
1.35071	-1.01533
1.34056	-1.02256
1.33033	-1.02985
1.32003	-1.03721
1.30966	-1.04463
1.29921	-1.05212
1.28869	-1.05969
1.2781	-1.06732
1.26742	-1.07503
1.25667	-1.08282
1.24584	-1.09068
1.23494	-1.09862
1.22395	-1.10665
1.21288	-1.11475
1.20174	-1.12294
1.19051	-1.13122
1.17919	-1.13958
1.1678	-1.14804
1.15632	-1.15658
1.14475	-1.16522
1.1331	-1.17396
1.12136	-1.18279
1.10953	-1.19172
1.09762	-1.20075
1.08561	-1.20988
1.07351	-1.21912
1.06132	-1.22846
1.04903	-1.23791
1.03666	-1.24746
1.02418	-1.25713
1.01161	-1.26691
0.99894	-1.27681
0.986172	-1.28682
0.973304	-1.29694
0.960334	-1.30719
0.947262	-1.31755
0.934087	-1.32804
0.920807	-1.33865
0.90742	-1.34939
0.893926	-1.36025
0.880324	-1.37124
0.866611	-1.38235
0.852788	-1.3936
0.838852	-1.40498
0.824802	-1.41649
0.810637	-1.42814
0.796356	-1.43992
0.781956	-1.45183
0.767438	-1.46388
0.752799	-1.47607
0.738039	-1.48839
0.723155	-1.50085
0.708146	-1.51346
0.693012	-1.5262
0.67775	-1.53908
0.662359	-1.55209
0.646838	-1.56525
0.631186	-1.57855
0.6154	-1.59198
0.59948	-1.60555
0.583425	-1.61926
0.567232	-1.63311
0.550901	-1.64709
0.53443	-1.6612
0.517818	-1.67544
0.501064	-1.68982
0.484166	-1.70432
0.467122	-1.71895
0.449933	-1.7337
0.432596	-1.74857
0.41511	-1.76356
0.397475	-1.77865
0.379688	-1.79386
0.361749	-1.80917
0.343658	-1.82458
0.325412	-1.84009
0.307011	-1.85568
0.288454	-1.87136
0.269741	-1.88711
0.25087	-1.90293
0.23184	-1.91881
0.212652	-1.93475
0.193305	-1.95073
0.173797	-1.96675
0.15413	-1.98279
0.134302	-1.99885
0.114314	-2.01491
0.0941644	-2.03097
0.0738547	-2.04701
0.0533846	-2.06302
0.0327544	-2.07898
0.0119647	-2.09488
-0.00898415	-2.11071
-0.0300913	-2.12645
-0.0513558	-2.14208
-0.0727766	-2.15759
-0.0943525	-2.17296
-0.116082	-2.18817
-0.137964	-2.2032
-0.159996	-2.21803
-0.182176	-2.23264
-0.204502	-2.24701
-0.226973	-2.26111
-0.249584	-2.27492
-0.272333	-2.28843
-0.295217	-2.30159
-0.318233	-2.3144
-0.341377	-2.32682
-0.364645	-2.33882
-0.388033	-2.35038
-0.411537	-2.36148
-0.435152	-2.37207
-0.458873	-2.38214
-0.482694	-2.39166
-0.506611	-2.40059
-0.530617	-2.40891
-0.554706	-2.41658
-0.578871	-2.42358
-0.603107	-2.42988
-0.627406	-2.43544
-0.65176	-2.44024
-0.676163	-2.44425
-0.700605	-2.44744
-0.72508	-2.44978
-0.749578	-2.45124
-0.77409	-2.4518
-0.798608	-2.45143
-0.823122	-2.45011
-0.847623	-2.4478
-0.872101	-2.44449
-0.896546	-2.44016
-0.920948	-2.43479
-0.945296	-2.42835
-0.969579	-2.42084
-0.993788	-2.41223
-1.01791	-2.40251
-1.04194	-2.39168
-1.06585	-2.37973
-1.08965	-2.36664
-1.11332	-2.35242
-1.13684	-2.33706
-1.16021	-2.32057
-1.18342	-2.30294
-1.20645	-2.28419
-1.22929	-2.26432
-1.25193	-2.24335
-1.27436	-2.22129
-1.29658	-2.19815
-1.31856	-2.17395
-1.3403	-2.14872
-1.36179	-2.12249
-1.38301	-2.09527
-1.40396	-2.06709
-1.42463	-2.038
-1.44501	-2.00802
-1.46509	-1.97718
-1.48487	-1.94553
-1.50432	-1.9131
-1.52345	-1.87993
-1.54225	-1.84607
-1.56071	-1.81156
-1.57883	-1.77645
-1.59659	-1.74077
-1.614	-1.70458
-1.63105	-1.66792
-1.64773	-1.63084
-1.66403	-1.59339
-1.67997	-1.55561
-1.69552	-1.51755
-1.7107	-1.47926
-1.72549	-1.44078
-1.7399	-1.40215
-1.75392	-1.36344
-1.76756	-1.32467
-1.7808	-1.28589
-1.79366	-1.24714
-1.80613	-1.20846
-1.81822	-1.1699
-1.82992	-1.13148
-1.84123	-1.09325
-1.85216	-1.05524
-1.86272	-1.01749
-1.87289	-0.980013
-1.88269	-0.942852
-1.89212	-0.906032
-1.90118	-0.869578
-1.90988	-0.833515
-1.91821	-0.797865
-1.92619	-0.762648
-1.93382	-0.727885
-1.94109	-0.69359
-1.94803	-0.659781
-1.95463	-0.626471
-1.96089	-0.593672
-1.96683	-0.561396
-1.97244	-0.52965
-1.97774	-0.498443
-1.98272	-0.467782
-1.9874	-0.437671
-1.99178	-0.408114
-1.99586	-0.379114
-1.99965	-0.350673
-2.00316	-0.32279
-2.00639	-0.295465
-2.00934	-0.268696
-2.01203	-0.242482
-2.01445	-0.216818
-2.01662	-0.1917
-2.01854	-0.167125
-2.02021	-0.143086
-2.02164	-0.119577
-2.02284	-0.0965924
-2.0238	-0.0741241
-2.02454	-0.0521651
-2.02506	-0.0307073
-2.02537	-0.00974252
-2.02547	0.0107379
-2.02536	0.0307427
-2.02505	0.050281
-2.02455	0.0693622
-2.02386	0.0879957
-2.02298	0.106191
-2.02192	0.123958
-2.02068	0.141306
-2.01926	0.158245
-2.01768	0.174786
-2.01593	0.190937
-2.01402	0.206708
-2.01196	0.22211
-2.00973	0.237152
-2.00736	0.251844
-2.00484	0.266196
-2.00218	0.280216
-1.99938	0.293915
-1.99644	0.307301
-1.99337	0.320384
-1.99016	0.333172
-1.98683	0.345676
-1.98338	0.357903
-1.9798	0.369861
-1.9761	0.38156
-1.97228	0.393008
-1.96835	0.404213
-1.96431	0.415182
-1.96016	0.425924
-1.9559	0.436447
-1.95154	0.446757
-1.94707	0.456862
-1.9425	0.466769
-1.93783	0.476485
-1.93307	0.486017
-1.92821	0.495372
-1.92325	0.504556
-1.91821	0.513576
-1.91307	0.522437
-1.90785	0.531145
-1.90254	0.539708
-1.89714	0.548129
-1.89166	0.556416
-1.88609	0.564572
-1.88045	0.572605
-1.87472	0.580518
-1.86892	0.588317
-1.86303	0.596007
-1.85707	0.603592
-1.85104	0.611078
-1.84493	0.618468
-1.83874	0.625767
-1.83248	0.63298
-1.82615	0.640111
-1.81975	0.647163
-1.81328	0.654141
-1.80674	0.661049
-1.80013	0.66789
-1.79345	0.674669
-1.7867	0.681388
-1.77989	0.688051
-1.77301	0.694663
-1.76606	0.701225
-1.75905	0.707741
-1.75197	0.714215
-1.74483	0.72065
-1.73762	0.727048
-1.73035	0.733414
-1.72302	0.739748
-1.71562	0.746055
-1.70816	0.752338
-1.70064	0.758598
-1.69305	0.764839
-1.6854	0.771063
-1.67769	0.777273
-1.66992	0.783471
-1.66209	0.78966
-1.65419	0.795843
-1.64623	0.802021
-1.63821	0.808197
-1.63013	0.814373
-1.62198	0.820552
-1.61378	0.826735
-1.60551	0.832925
-1.59718	0.839125
-1.58879	0.845336
-1.58034	0.85156
-1.57182	0.857799
-1.56324	0.864056
-1.5546	0.870333
-1.5459	0.876631
-1.53713	0.882952
-1.5283	0.889299
-1.51941	0.895673
-1.51046	0.902076
-1.50143	0.908511
-1.49235	0.914979
-1.4832	0.921481
-1.47398	0.928021
-1.4647	0.934599
-1.45536	0.941218
-1.44595	0.947879
-1.43647	0.954584
-1.42692	0.961335
-1.41731	0.968134
-1.40763	0.974982
-1.39788	0.981882
-1.38806	0.988835
-1.37817	0.995843
-1.36821	1.00291
-1.35818	1.01003
-1.34808	1.01721
-1.33791	1.02446
-1.32767	1.03177
-1.31735	1.03914
-1.30696	1.04659
-1.29649	1.0541
-1.28595	1.06168
-1.27533	1.06933
-1.26464	1.07706
-1.25387	1.08487
-1.24302	1.09275
-1.23209	1.10071
-1.22109	1.10876
-1.21	1.11688
-1.19883	1.1251
-1.18758	1.1334
-1.17624	1.14178
-1.16483	1.15026
-1.15332	1.15883
-1.14174	1.1675
-1.13006	1.17626
-1.1183	1.18511
-1.10645	1.19407
-1.09451	1.20312
-1.08247	1.21228
-1.07035	1.22155
-1.05814	1.23091
-1.04583	1.24039
-1.03342	1.24998
-1.02092	1.25967
-1.00833	1.26948
-0.995632	1.27941
-0.982838	1.28945
-0.969944	1.29961
-0.956948	1.30988
-0.943849	1.32028
-0.930646	1.3308
-0.917338	1.34144
-0.903924	1.35221
-0.890401	1.3631
-0.87677	1.37413
-0.863029	1.38528
-0.849176	1.39656
-0.835211	1.40797
-0.821131	1.41952
-0.806936	1.4312
-0.792624	1.44301
-0.778194	1.45496
-0.763644	1.46705
-0.748974	1.47927
-0.734181	1.49163
-0.719265	1.50413
-0.704223	1.51677
-0.689056	1.52954
-0.67376	1.54246
-0.658336	1.55551
-0.642781	1.56871
-0.627094	1.58204
-0.611273	1.59551
-0.595318	1.60912
-0.579227	1.62286
-0.562998	1.63674
-0.546631	1.65076
-0.530123	1.6649
-0.513474	1.67918
-0.496683	1.69359
-0.479747	1.70813
-0.462665	1.72279
-0.445438	1.73757
-0.428062	1.75247
-0.410537	1.76748
-0.392862	1.78261
-0.375036	1.79785
-0.357058	1.81318
-0.338926	1.82862
-0.32064	1.84415
-0.302198	1.85976
-0.283601	1.87546
-0.264846	1.89123
-0.245934	1.90707
-0.226863	1.92296
-0.207633	1.93891
-0.188244	1.9549
-0.168695	1.97093
-0.148986	1.98698
-0.129116	2.00304
-0.109086	2.0191
-0.0888948	2.03516
-0.0685433	2.05119
-0.0480314	2.06719
-0.0273595	2.08313
-0.00652821	2.09902
0.014462	2.11483
0.0356102	2.13054
0.0569156	2.14614
0.0783771	2.16162
0.0999932	2.17695
0.121763	2.19211
0.143684	2.20709
0.165755	2.22186
0.187973	2.23641
0.210337	2.25071
0.232845	2.26474
0.255492	2.27848
0.278277	2.2919
0.301196	2.30497
0.324245	2.31768
0.347422	2.32999
0.370722	2.34188
0.394141	2.35333
0.417674	2.36429
0.441317	2.37476
0.465065	2.38468
0.488912	2.39405
0.512852	2.40282
0.53688	2.41098
0.56099	2.41848
0.585175	2.4253
0.609428	2.43141
0.633742	2.43678
0.65811	2.44138
0.682524	2.44517
0.706975	2.44815
0.731457	2.45026
0.755959	2.45149
0.780474	2.45181
0.804992	2.45119
0.829504	2.44961
0.854	2.44705
0.878471	2.44348
0.902906	2.43887
0.927294	2.43323
0.951627	2.42651
0.975892	2.41871
1.00008	2.40982
1.02418	2.39981
1.04818	2.38869
1.07206	2.37644
1.09583	2.36306
1.11946	2.34854
1.14294	2.33289
1.16627	2.3161
1.18943	2.29818
1.21241	2.27914
1.23521	2.25898
1.2578	2.23772
1.28017	2.21537
1.30233	2.19196
1.32425	2.16749
1.34592	2.142
1.36734	2.1155
1.3885	2.08803
1.40938	2.05961
1.42997	2.03028
1.45027	2.00007
1.47028	1.96902
1.48997	1.93716
1.50934	1.90454
1.52838	1.87119
1.54709	1.83716
1.56547	1.80248
1.58349	1.76722
1.60116	1.7314
1.61848	1.69509
1.63543	1.65831
1.65201	1.62113
1.66822	1.58359
1.68406	1.54573
1.69952	1.5076
1.71459	1.46926
1.72928	1.43073
1.74359	1.39208
1.75751	1.35335
1.77105	1.31457
1.78419	1.27579
1.79695	1.23706
1.80932	1.19841
1.8213	1.15988
1.8329	1.12151
1.84412	1.08334
1.85495	1.04539
1.86541	1.0077
1.87548	0.970306
1.88519	0.933231
1.89452	0.896504
1.90348	0.860149
1.91208	0.824192
1.92033	0.788653
1.92821	0.753552
1.93575	0.718909
1.94294	0.684739
1.94978	0.651059
1.9563	0.617881
1.96247	0.585217
1.96833	0.553077
1.97386	0.521471
1.97907	0.490406
1.98398	0.459887
1.98857	0.42992
1.99287	0.400508
1.99688	0.371653
2.0006	0.343357
2.00403	0.315619
2.00719	0.28844
2.01007	0.261816
2.01269	0.235745
2.01505	0.210224
2.01715	0.185248
2.019	0.160813
2.02061	0.136912
2.02198	0.11354
2.02311	0.0906908
2.02402	0.0683559
2.0247	0.0465281
2.02517	0.0251995
2.02542	0.00436166
2.02546	-0.015994
2.0253	-0.0358765
2.02495	-0.0552949
2.02439	-0.0742586
2.02365	-0.092777
2.02272	-0.11086
2.02161	-0.128517
2.02033	-0.145757
2.01887	-0.162592
2.01724	-0.17903
2.01545	-0.195081
2.0135	-0.210755
2.0114	-0.226063
2.00914	-0.241013
2.00673	-0.255615
2.00417	-0.269879
2.00147	-0.283815
1.99863	-0.297431
1.99566	-0.310738
1.99255	-0.323743
