1.01	0.99
1.0199	0.97985
1.0297	0.969553
1.03939	0.95911
1.04899	0.948523
1.05847	0.937795
1.06785	0.926928
1.07712	0.915925
1.08628	0.904787
1.09532	0.893517
1.10426	0.882117
1.11308	0.870591
1.12179	0.85894
1.13038	0.847167
1.13885	0.835275
1.1472	0.823267
1.15543	0.811144
1.16354	0.798911
1.17153	0.786568
1.1794	0.774121
1.18714	0.76157
1.19476	0.748919
1.20225	0.736171
1.20961	0.723329
1.21684	0.710396
1.22394	0.697373
1.23092	0.684266
1.23776	0.671075
1.24447	0.657805
1.25105	0.644458
1.25749	0.631037
1.2638	0.617545
1.26998	0.603985
1.27602	0.59036
1.28192	0.576672
1.28769	0.562926
1.29332	0.549122
1.29881	0.535266
1.30416	0.521358
1.30938	0.507403
1.31445	0.493403
1.31939	0.479361
1.32418	0.465279
1.32883	0.451161
1.33334	0.437009
1.33771	0.422826
1.34194	0.408614
1.34603	0.394377
1.34997	0.380116
1.35377	0.365835
1.35743	0.351536
1.36095	0.337221
1.36432	0.322893
1.36755	0.308554
1.37063	0.294208
1.37358	0.279855
1.37637	0.265499
1.37903	0.251142
1.38154	0.236785
1.38391	0.222432
1.38613	0.208084
1.38821	0.193743
1.39015	0.179412
1.39194	0.165092
1.3936	0.150786
1.3951	0.136495
1.39647	0.122221
1.39769	0.107966
1.39877	0.0937315
1.39971	0.0795197
1.4005	0.0653319
1.40116	0.0511699
1.40167	0.0370351
1.40204	0.0229291
1.40227	0.00885335
1.40236	-0.00519071
1.4023	-0.0192017
1.40211	-0.0331784
1.40178	-0.0471194
1.40131	-0.0610235
1.4007	-0.0748896
1.39995	-0.0887165
1.39906	-0.102503
1.39804	-0.116248
1.39688	-0.129951
1.39558	-0.143611
1.39414	-0.157227
1.39257	-0.170797
1.39086	-0.184322
1.38902	-0.1978
1.38704	-0.21123
1.38493	-0.224613
1.38268	-0.237947
1.3803	-0.251231
1.37779	-0.264465
1.37514	-0.277649
1.37237	-0.290782
1.36946	-0.303864
1.36642	-0.316893
1.36325	-0.329871
1.35995	-0.342795
1.35652	-0.355667
1.35297	-0.368485
1.34928	-0.38125
1.34547	-0.39396
1.34153	-0.406617
1.33747	-0.419219
1.33327	-0.431767
1.32896	-0.444261
1.32451	-0.456699
1.31995	-0.469083
1.31525	-0.481412
1.31044	-0.493686
1.3055	-0.505905
1.30044	-0.51807
1.29526	-0.530179
1.28996	-0.542233
1.28454	-0.554233
1.279	-0.566177
1.27334	-0.578067
1.26756	-0.589903
1.26166	-0.601684
1.25564	-0.61341
1.24951	-0.625082
1.24325	-0.6367
1.23689	-0.648264
1.2304	-0.659774
1.22381	-0.671231
1.21709	-0.682633
1.21027	-0.693983
1.20333	-0.705279
1.19628	-0.716523
1.18911	-0.727713
1.18183	-0.738851
1.17444	-0.749937
1.16695	-0.76097
1.15934	-0.771951
1.15162	-0.782881
1.14379	-0.793758
1.13585	-0.804585
1.1278	-0.815359
1.11965	-0.826083
1.11139	-0.836756
1.10302	-0.847378
1.09455	-0.857949
1.08597	-0.86847
1.07728	-0.87894
1.06849	-0.88936
1.0596	-0.89973
1.0506	-0.91005
1.0415	-0.92032
1.0323	-0.93054
1.02299	-0.94071
1.01359	-0.950831
1.00408	-0.960902
0.99447	-0.970923
0.984761	-0.980894
0.974952	-0.990816
0.965044	-1.00069
0.955037	-1.01051
0.944932	-1.02028
0.934729	-1.03001
0.924429	-1.03968
0.914032	-1.0493
0.903539	-1.05887
0.892951	-1.06839
0.882267	-1.07786
0.871488	-1.08728
0.860615	-1.09665
0.849649	-1.10597
0.838589	-1.11524
0.827437	-1.12445
0.816192	-1.13361
0.804856	-1.14272
0.793429	-1.15177
0.781911	-1.16077
0.770303	-1.16972
0.758606	-1.17861
0.74682	-1.18745
0.734946	-1.19623
0.722983	-1.20495
0.710934	-1.21362
0.698797	-1.22223
0.686575	-1.23078
0.674267	-1.23928
0.661875	-1.24771
0.649397	-1.25608
0.636837	-1.26439
0.624193	-1.27264
0.611466	-1.28082
0.598658	-1.28894
0.585769	-1.29699
0.572799	-1.30498
0.559749	-1.3129
0.54662	-1.32075
0.533412	-1.32854
0.520127	-1.33625
0.506765	-1.34388
0.493326	-1.35145
0.479811	-1.35894
0.466222	-1.36635
0.452558	-1.37369
0.438821	-1.38094
0.425012	-1.38812
0.411131	-1.39521
0.397179	-1.40222
0.383157	-1.40915
0.369065	-1.41598
0.354905	-1.42273
0.340678	-1.42939
0.326384	-1.43596
0.312024	-1.44243
0.2976	-1.4488
0.283112	-1.45508
0.268561	-1.46126
0.253949	-1.46733
0.239275	-1.4733
0.224542	-1.47917
0.209751	-1.48493
0.194901	-1.49057
0.179996	-1.49611
0.165035	-1.50152
0.150019	-1.50683
0.134951	-1.51201
0.119831	-1.51707
0.10466	-1.52201
0.0894403	-1.52682
0.0741721	-1.5315
0.0588572	-1.53605
0.0434967	-1.54046
0.0280921	-1.54474
0.0126447	-1.54888
-0.00284415	-1.55288
-0.0183729	-1.55673
-0.0339403	-1.56044
-0.0495447	-1.564
-0.0651846	-1.5674
-0.0808586	-1.57065
-0.0965651	-1.57374
-0.112303	-1.57668
-0.128069	-1.57944
-0.143864	-1.58205
-0.159684	-1.58448
-0.175529	-1.58675
-0.191397	-1.58884
-0.207285	-1.59075
-0.223192	-1.59248
-0.239117	-1.59403
-0.255058	-1.5954
-0.271011	-1.59658
-0.286977	-1.59756
-0.302953	-1.59836
-0.318937	-1.59896
-0.334926	-1.59936
-0.35092	-1.59956
-0.366915	-1.59956
-0.382911	-1.59935
-0.398904	-1.59893
-0.414894	-1.59831
-0.430877	-1.59746
-0.446851	-1.59641
-0.462816	-1.59513
-0.478767	-1.59364
-0.494703	-1.59192
-0.510622	-1.58998
-0.526522	-1.58781
-0.5424	-1.58542
-0.558255	-1.58279
-0.574082	-1.57993
-0.589882	-1.57684
-0.60565	-1.57351
-0.621385	-1.56995
-0.637085	-1.56614
-0.652746	-1.5621
-0.668367	-1.55781
-0.683945	-1.55328
-0.699478	-1.54851
-0.714963	-1.54349
-0.730398	-1.53823
-0.74578	-1.53272
-0.761107	-1.52696
-0.776377	-1.52095
-0.791587	-1.5147
-0.806734	-1.5082
-0.821816	-1.50145
-0.83683	-1.49445
-0.851775	-1.4872
-0.866647	-1.4797
-0.881444	-1.47196
-0.896163	-1.46396
-0.910803	-1.45572
-0.92536	-1.44724
-0.939832	-1.4385
-0.954217	-1.42952
-0.968513	-1.4203
-0.982716	-1.41084
-0.996824	-1.40113
-1.01084	-1.39118
-1.02475	-1.381
-1.03856	-1.37058
-1.05226	-1.35992
-1.06586	-1.34904
-1.07935	-1.33792
-1.09273	-1.32657
-1.106	-1.315
-1.11915	-1.30321
-1.13218	-1.29119
-1.14509	-1.27896
-1.15788	-1.26652
-1.17055	-1.25386
-1.18308	-1.24099
-1.19549	-1.22792
-1.20777	-1.21465
-1.21992	-1.20118
-1.23193	-1.18751
-1.24381	-1.17366
-1.25554	-1.15962
-1.26714	-1.14539
-1.27859	-1.13098
-1.2899	-1.1164
-1.30107	-1.10165
-1.31208	-1.08673
-1.32295	-1.07165
-1.33367	-1.05641
-1.34423	-1.04102
-1.35464	-1.02548
-1.3649	-1.00979
-1.375	-0.993961
-1.38493	-0.977998
-1.39471	-0.961904
-1.40433	-0.945684
-1.41379	-0.929342
-1.42308	-0.912883
-1.43221	-0.896313
-1.44118	-0.879635
-1.44997	-0.862855
-1.4586	-0.845977
-1.46706	-0.829007
-1.47535	-0.811948
-1.48347	-0.794806
-1.49142	-0.777585
-1.49919	-0.760291
-1.5068	-0.742928
-1.51423	-0.7255
-1.52148	-0.708013
-1.52856	-0.690471
-1.53547	-0.672878
-1.5422	-0.65524
-1.54875	-0.63756
-1.55512	-0.619843
-1.56132	-0.602094
-1.56734	-0.584317
-1.57319	-0.566515
-1.57885	-0.548695
-1.58434	-0.530858
-1.58965	-0.513011
-1.59478	-0.495156
-1.59973	-0.477298
-1.6045	-0.45944
-1.6091	-0.441587
-1.61351	-0.423741
-1.61775	-0.405908
-1.62181	-0.388089
-1.62569	-0.370289
-1.62939	-0.352512
-1.63292	-0.334759
-1.63626	-0.317036
-1.63943	-0.299343
-1.64243	-0.281686
-1.64524	-0.264066
-1.64789	-0.246487
-1.65035	-0.228951
-1.65264	-0.211461
-1.65475	-0.194019
-1.65669	-0.176629
-1.65846	-0.159291
-1.66005	-0.14201
-1.66147	-0.124786
-1.66272	-0.107622
-1.6638	-0.0905199
-1.6647	-0.0734817
-1.66544	-0.0565093
-1.666	-0.0396044
-1.6664	-0.0227685
-1.66663	-0.00600339
-1.66669	0.0106896
-1.66658	0.0273089
-1.66631	0.0438534
-1.66587	0.0603217
-1.66527	0.0767127
-1.6645	0.0930253
-1.66357	0.109258
-1.66248	0.125411
-1.66122	0.141483
-1.65981	0.157473
-1.65823	0.17338
-1.6565	0.189204
-1.65461	0.204944
-1.65256	0.2206
-1.65035	0.236171
-1.64799	0.251657
-1.64547	0.267057
-1.6428	0.282372
-1.63998	0.2976
-1.637	0.312743
-1.63387	0.3278
-1.6306	0.34277
-1.62717	0.357655
-1.62359	0.372453
-1.61987	0.387166
-1.616	0.401793
-1.61198	0.416334
-1.60781	0.43079
-1.60351	0.445161
-1.59906	0.459447
-1.59446	0.47365
-1.58972	0.487768
-1.58485	0.501803
-1.57983	0.515755
-1.57467	0.529624
-1.56937	0.543412
-1.56394	0.557118
-1.55837	0.570744
-1.55266	0.584289
-1.54682	0.597755
-1.54084	0.611142
-1.53473	0.624451
-1.52849	0.637682
-1.52211	0.650837
-1.5156	0.663915
-1.50896	0.676919
-1.50219	0.689847
-1.49529	0.702702
-1.48827	0.715484
-1.48111	0.728193
-1.47383	0.740831
-1.46642	0.753399
-1.45889	0.765896
-1.45123	0.778324
-1.44345	0.790685
-1.43554	0.802977
-1.42751	0.815203
-1.41936	0.827363
-1.41108	0.839458
-1.40269	0.851489
-1.39417	0.863456
-1.38554	0.875361
-1.37679	0.887204
-1.36791	0.898985
-1.35892	0.910706
-1.34982	0.922368
-1.34059	0.93397
-1.33125	0.945515
-1.3218	0.957002
-1.31223	0.968433
-1.30254	0.979807
-1.29275	0.991126
-1.28283	1.00239
-1.27281	1.0136
-1.26267	1.02476
-1.25243	1.03586
-1.24207	1.04691
-1.2316	1.05791
-1.22102	1.06886
-1.21033	1.07976
-1.19953	1.09061
-1.18863	1.10141
-1.17761	1.11216
-1.16649	1.12286
-1.15526	1.13351
-1.14393	1.14412
-1.13249	1.15467
-1.12094	1.16518
-1.10929	1.17564
-1.09753	1.18606
-1.08567	1.19643
-1.07371	1.20675
-1.06164	1.21703
-1.04947	1.22726
-1.0372	1.23744
-1.02482	1.24758
-1.01235	1.25767
-0.99977	1.26771
-0.987093	1.27771
-0.974316	1.28767
-0.961439	1.29757
-0.948463	1.30743
-0.935389	1.31724
-0.922217	1.32701
-0.908946	1.33673
-0.895579	1.3464
-0.882115	1.35602
-0.868555	1.36559
-0.854899	1.37512
-0.841148	1.38459
-0.827302	1.39402
-0.813362	1.40339
-0.799328	1.41271
-0.785201	1.42198
-0.770981	1.43119
-0.756669	1.44035
-0.742265	1.44946
-0.727771	1.45851
-0.713186	1.4675
-0.698511	1.47644
-0.683746	1.48531
-0.668893	1.49413
-0.653952	1.50288
-0.638923	1.51157
-0.623807	1.5202
-0.608605	1.52876
-0.593318	1.53725
-0.577945	1.54567
-0.562489	1.55402
-0.546948	1.56231
-0.531325	1.57051
-0.51562	1.57864
-0.499834	1.5867
-0.483967	1.59467
-0.46802	1.60256
-0.451995	1.61037
-0.435891	1.6181
-0.41971	1.62573
-0.403453	1.63328
-0.38712	1.64073
-0.370712	1.64809
-0.354232	1.65535
-0.337678	1.66251
-0.321053	1.66957
-0.304357	1.67652
-0.287592	1.68337
-0.270758	1.69011
-0.253857	1.69673
-0.23689	1.70324
-0.219858	1.70963
-0.202761	1.71589
-0.185602	1.72203
-0.168382	1.72805
-0.151102	1.73393
-0.133762	1.73967
-0.116366	1.74528
-0.0989128	1.75075
-0.0814053	1.75607
-0.0638446	1.76125
-0.0462321	1.76627
-0.0285693	1.77114
-0.0108579	1.77585
0.00690057	1.7804
0.0247045	1.78478
0.0425524	1.78899
0.0604423	1.79303
0.0783726	1.79689
0.0963415	1.80057
0.114347	1.80407
0.132388	1.80738
0.150462	1.81049
0.168567	1.81341
0.186701	1.81613
0.204862	1.81865
0.223049	1.82095
0.241258	1.82305
0.259489	1.82493
0.277738	1.82659
0.296004	1.82803
0.314284	1.82924
0.332576	1.83021
0.350879	1.83096
0.369188	1.83146
0.387503	1.83173
0.40582	1.83174
0.424137	1.83151
0.442453	1.83102
0.460763	1.83028
0.479066	1.82928
0.497358	1.82801
0.515638	1.82648
0.533903	1.82467
0.55215	1.82259
0.570376	1.82024
0.588578	1.81761
0.606754	1.81469
0.624901	1.81149
0.643016	1.808
0.661096	1.80422
0.679138	1.80015
0.69714	1.79578
0.715098	1.79112
0.733009	1.78616
0.75087	1.78089
0.768679	1.77533
0.786432	1.76945
0.804127	1.76328
0.82176	1.75679
0.839328	1.75
0.856828	1.7429
0.874257	1.73549
0.891612	1.72777
0.908889	1.71974
0.926087	1.7114
0.943201	1.70275
0.960228	1.69379
0.977166	1.68451
0.994011	1.67493
1.01076	1.66504
1.02741	1.65485
1.04396	1.64434
1.0604	1.63353
1.07674	1.62242
1.09296	1.61101
1.10907	1.59929
1.12507	1.58728
1.14094	1.57498
1.15669	1.56238
1.17231	1.54949
1.18781	1.53632
1.20317	1.52286
1.2184	1.50913
1.23349	1.49512
1.24844	1.48083
1.26325	1.46628
1.27791	1.45146
1.29243	1.43639
1.30679	1.42105
1.321	1.40547
1.33506	1.38964
1.34895	1.37358
1.36269	1.35727
1.37626	1.34074
1.38967	1.32398
1.40291	1.307
1.41598	1.28981
1.42888	1.27241
1.4416	1.2548
1.45415	1.23701
1.46652	1.21902
1.47871	1.20085
1.49072	1.1825
1.50254	1.16398
1.51418	1.14529
1.52563	1.12645
1.5369	1.10745
1.54797	1.08831
1.55886	1.06903
1.56955	1.04962
1.58004	1.03009
1.59034	1.01043
1.60045	0.990667
1.61036	0.970795
1.62006	0.950825
1.62957	0.930763
1.63888	0.910615
1.64799	0.890388
1.65689	0.870089
1.66559	0.849723
1.67409	0.829299
1.68238	0.808821
1.69047	0.788296
1.69835	0.76773
1.70603	0.74713
1.7135	0.726501
1.72076	0.705849
1.72782	0.685181
1.73468	0.664502
1.74132	0.643818
1.74776	0.623134
1.75399	0.602455
1.76001	0.581788
1.76583	0.561137
1.77144	0.540507
1.77685	0.519904
1.78205	0.499331
1.78704	0.478795
1.79183	0.458299
1.79641	0.437848
1.80079	0.417446
1.80496	0.397097
1.80894	0.376806
1.8127	0.356576
1.81627	0.336411
1.81963	0.316315
1.8228	0.296291
1.82576	0.276343
1.82852	0.256473
1.83109	0.236685
1.83345	0.216982
1.83562	0.197367
1.8376	0.177841
1.83938	0.158409
1.84096	0.139071
1.84235	0.119831
1.84355	0.10069
1.84456	0.0816507
1.84537	0.0627148
1.846	0.0438839
1.84644	0.0251598
1.84669	0.00654381
1.84676	-0.0119625
1.84664	-0.030358
1.84633	-0.0486414
1.84585	-0.0668118
1.84518	-0.0848682
1.84433	-0.10281
1.8433	-0.120636
1.8421	-0.138346
1.84071	-0.155939
1.83915	-0.173415
1.83742	-0.190774
1.83551	-0.208015
1.83343	-0.225138
1.83118	-0.242143
1.82876	-0.25903
1.82617	-0.2758
1.82341	-0.292451
1.82048	-0.308986
1.81739	-0.325403
1.81414	-0.341703
1.81072	-0.357888
1.80714	-0.373956
1.80341	-0.389909
1.79951	-0.405748
1.79545	-0.421472
1.79123	-0.437084
1.78686	-0.452583
1.78234	-0.467971
1.77766	-0.483247
1.77283	-0.498414
1.76784	-0.513472
1.76271	-0.528423
1.75742	-0.543266
1.75199	-0.558004
1.74641	-0.572637
1.74068	-0.587166
1.73481	-0.601593
1.7288	-0.615919
1.72264	-0.630145
1.71633	-0.644271
1.70989	-0.658301
1.70331	-0.672234
1.69659	-0.686071
1.68973	-0.699816
1.68273	-0.713467
1.67559	-0.727027
1.66832	-0.740498
1.66092	-0.75388
1.65338	-0.767175
1.64571	-0.780383
1.6379	-0.793507
1.62997	-0.806548
1.6219	-0.819507
1.61371	-0.832386
1.60538	-0.845185
1.59693	-0.857906
1.58835	-0.87055
1.57965	-0.88312
1.57082	-0.895615
1.56186	-0.908037
1.55278	-0.920388
1.54358	-0.932669
1.53425	-0.944881
1.5248	-0.957025
1.51523	-0.969103
1.50554	-0.981116
1.49573	-0.993064
1.4858	-1.00495
1.47575	-1.01677
1.46558	-1.02854
1.45529	-1.04024
1.44489	-1.05189
1.43437	-1.06348
1.42374	-1.07501
1.41299	-1.08649
1.40212	-1.09791
1.39114	-1.10928
1.38005	-1.1206
1.36885	-1.13186
1.35753	-1.14308
1.3461	-1.15425
1.33455	-1.16536
1.3229	-1.17643
1.31114	-1.18746
1.29926	-1.19843
1.28728	-1.20936
1.27518	-1.22025
1.26298	-1.23109
1.25067	-1.24189
1.23825	-1.25265
1.22573	-1.26336
1.21309	-1.27403
1.20035	-1.28466
1.1875	-1.29524
1.17455	-1.30579
1.16149	-1.3163
1.14833	-1.32676
1.13506	-1.33719
1.12169	-1.34758
1.10822	-1.35792
1.09464	-1.36823
1.08095	-1.3785
1.06717	-1.38873
1.05328	-1.39892
1.03929	-1.40907
1.0252	-1.41918
1.01101	-1.42925
0.996718	-1.43928
0.982325	-1.44927
0.967832	-1.45922
0.95324	-1.46913
0.938549	-1.479
0.923759	-1.48883
0.90887	-1.49861
0.893884	-1.50835
0.878801	-1.51805
0.86362	-1.5277
0.848343	-1.53731
0.83297	-1.54687
0.817502	-1.55638
0.801938	-1.56585
0.786279	-1.57526
0.770527	-1.58463
0.754681	-1.59394
0.738741	-1.60321
0.722709	-1.61241
0.706585	-1.62157
0.690369	-1.63066
0.674063	-1.6397
0.657666	-1.64868
0.641179	-1.65759
0.624603	-1.66644
0.607939	-1.67523
0.591186	-1.68395
0.574347	-1.6926
0.557421	-1.70118
0.540409	-1.70969
0.523312	-1.71812
0.506131	-1.72647
0.488866	-1.73474
0.471519	-1.74293
0.45409	-1.75103
0.436579	-1.75905
0.418989	-1.76697
0.401319	-1.77481
0.383571	-1.78254
0.365745	-1.79018
0.347844	-1.79771
0.329867	-1.80514
0.311815	-1.81246
0.293691	-1.81967
0.275494	-1.82676
0.257226	-1.83374
0.238889	-1.84059
0.220483	-1.84732
0.20201	-1.85392
0.183471	-1.86038
0.164867	-1.86671
0.1462	-1.8729
0.127471	-1.87895
0.108681	-1.88484
0.0898327	-1.89059
0.0709268	-1.89617
0.0519651	-1.9016
0.0329491	-1.90686
0.0138805	-1.91195
-0.00523896	-1.91687
-0.0244076	-1.92161
-0.0436237	-1.92616
-0.0628854	-1.93053
-0.0821907	-1.93471
-0.101538	-1.9387
-0.120925	-1.94248
-0.14035	-1.94605
-0.15981	-1.94942
-0.179304	-1.95257
-0.19883	-1.9555
-0.218385	-1.95821
-0.237967	-1.96069
-0.257574	-1.96293
-0.277203	-1.96494
-0.296853	-1.9667
-0.31652	-1.96821
-0.336202	-1.96948
-0.355896	-1.97048
-0.375601	-1.97123
-0.395314	-1.9717
-0.415031	-1.97191
-0.43475	-1.97184
-0.454468	-1.97149
-0.474183	-1.97085
-0.493891	-1.96993
-0.513591	-1.96872
-0.533278	-1.9672
-0.55295	-1.96539
-0.572604	-1.96327
-0.592237	-1.96085
-0.611845	-1.95811
-0.631426	-1.95505
-0.650977	-1.95167
-0.670493	-1.94798
-0.689973	-1.94395
-0.709413	-1.9396
-0.728809	-1.93491
-0.748158	-1.92989
-0.767457	-1.92454
-0.786702	-1.91884
-0.80589	-1.9128
-0.825018	-1.90642
-0.844083	-1.89969
-0.863079	-1.89261
-0.882006	-1.88519
-0.900857	-1.87742
-0.919632	-1.86929
-0.938325	-1.86082
-0.956933	-1.85199
-0.975453	-1.84281
-0.993881	-1.83328
-1.01221	-1.8234
-1.03045	-1.81316
-1.04858	-1.80258
-1.0666	-1.79164
-1.08452	-1.78036
-1.10232	-1.76873
-1.12001	-1.75676
-1.13758	-1.74444
-1.15502	-1.73178
-1.17234	-1.71878
-1.18953	-1.70545
-1.20658	-1.69179
-1.2235	-1.67779
-1.24028	-1.66347
-1.25691	-1.64883
-1.2734	-1.63387
-1.28974	-1.6186
-1.30593	-1.60302
-1.32196	-1.58713
-1.33783	-1.57095
-1.35354	-1.55447
-1.36908	-1.5377
-1.38446	-1.52065
-1.39967	-1.50332
-1.4147	-1.48571
-1.42956	-1.46785
-1.44424	-1.44972
-1.45873	-1.43135
-1.47305	-1.41272
-1.48717	-1.39386
-1.50111	-1.37477
-1.51486	-1.35545
-1.52841	-1.33591
-1.54177	-1.31616
-1.55494	-1.29622
-1.5679	-1.27607
-1.58066	-1.25574
-1.59322	-1.23523
-1.60557	-1.21455
-1.61771	-1.1937
-1.62965	-1.1727
-1.64138	-1.15155
-1.65289	-1.13026
-1.6642	-1.10883
-1.67528	-1.08729
-1.68616	-1.06562
-1.69681	-1.04385
-1.70725	-1.02198
-1.71747	-1.00001
-1.72747	-0.977965
-1.73725	-0.955839
-1.74681	-0.933644
-1.75615	-0.911388
-1.76526	-0.889078
-1.77415	-0.866722
-1.78282	-0.844327
-1.79126	-0.821901
-1.79948	-0.79945
-1.80747	-0.776982
-1.81524	-0.754504
-1.82279	-0.732022
-1.83011	-0.709544
-1.8372	-0.687075
-1.84408	-0.664623
-1.85072	-0.642194
-1.85714	-0.619793
-1.86334	-0.597427
-1.86932	-0.575101
-1.87507	-0.552822
-1.8806	-0.530594
-1.8859	-0.508423
-1.89099	-0.486315
-1.89585	-0.464273
-1.90049	-0.442304
-1.90491	-0.420411
-1.90912	-0.398599
-1.9131	-0.376872
-1.91687	-0.355235
-1.92043	-0.333691
-1.92376	-0.312244
-1.92688	-0.290898
-1.92979	-0.269656
-1.93249	-0.248522
-1.93498	-0.227498
-1.93725	-0.206588
-1.93932	-0.185793
-1.94117	-0.165118
-1.94283	-0.144563
-1.94427	-0.124132
-1.94551	-0.103827
-1.94655	-0.0836489
-1.94739	-0.0636002
-1.94802	-0.0436823
-1.94846	-0.0238969
-1.9487	-0.0042452
-1.94874	0.0152715
-1.94859	0.0346521
-1.94824	0.0538957
-1.9477	0.0730014
-1.94697	0.0919686
-1.94605	0.110797
-1.94495	0.129485
-1.94365	0.148034
-1.94217	0.166442
-1.94051	0.184711
-1.93866	0.202839
-1.93663	0.220826
-1.93442	0.238674
-1.93204	0.256382
-1.92947	0.273951
-1.92673	0.291381
-1.92382	0.308673
-1.92073	0.325826
-1.91747	0.342843
-1.91404	0.359724
-1.91045	0.376469
-1.90668	0.393079
-1.90275	0.409556
-1.89866	0.425901
-1.8944	0.442114
-1.88998	0.458196
-1.88539	0.47415
-1.88065	0.489976
-1.87575	0.505675
-1.8707	0.521248
-1.86548	0.536698
-1.86012	0.552025
-1.8546	0.567232
-1.84892	0.582318
-1.8431	0.597286
-1.83713	0.612138
-1.83101	0.626875
-1.82474	0.641498
-1.81832	0.656009
-1.81176	0.67041
-1.80506	0.684702
-1.79821	0.698887
-1.79122	0.712967
-1.78409	0.726943
-1.77682	0.740816
-1.76942	0.754589
-1.76187	0.768264
-1.75419	0.781841
-1.74637	0.795323
-1.73842	0.808711
-1.73033	0.822007
-1.72211	0.835212
-1.71376	0.848329
-1.70527	0.861359
-1.69666	0.874303
-1.68792	0.887163
-1.67904	0.899941
-1.67005	0.912639
-1.66092	0.925257
-1.65167	0.937799
-1.64229	0.950264
-1.63279	0.962655
-1.62316	0.974974
-1.61341	0.987221
-1.60354	0.999398
-1.59354	1.01151
-1.58343	1.02355
-1.57319	1.03553
-1.56284	1.04744
-1.55236	1.05929
-1.54177	1.07108
-1.53106	1.08281
-1.52023	1.09449
-1.50929	1.1061
-1.49823	1.11766
-1.48705	1.12916
-1.47576	1.14061
-1.46435	1.15201
-1.45283	1.16336
-1.4412	1.17466
-1.42945	1.18591
-1.41759	1.19711
-1.40562	1.20826
-1.39354	1.21937
-1.38134	1.23044
-1.36904	1.24146
-1.35663	1.25243
-1.3441	1.26337
-1.33147	1.27426
-1.31872	1.28511
-1.30587	1.29593
-1.29291	1.3067
-1.27985	1.31744
-1.26667	1.32813
-1.25339	1.33879
-1.24	1.34942
-1.22651	1.36
-1.21291	1.37055
-1.1992	1.38107
-1.18539	1.39155
-1.17148	1.40199
-1.15746	1.4124
-1.14333	1.42278
-1.12911	1.43312
-1.11477	1.44342
-1.10034	1.45369
-1.0858	1.46393
-1.07116	1.47414
-1.05642	1.4843
-1.04158	1.49444
-1.02664	1.50454
-1.01159	1.5146
-0.996444	1.52463
-0.981198	1.53462
-0.965852	1.54457
-0.950406	1.55449
-0.934861	1.56437
-0.919217	1.57421
-0.903475	1.58401
-0.887635	1.59378
-0.871697	1.6035
-0.855662	1.61318
-0.839531	1.62282
-0.823302	1.63241
-0.806978	1.64196
-0.790559	1.65146
-0.774044	1.66091
-0.757435	1.67032
-0.740732	1.67967
-0.723935	1.68897
-0.707046	1.69822
-0.690063	1.70742
-0.672989	1.71655
-0.655824	1.72563
-0.638567	1.73465
-0.621221	1.7436
-0.603785	1.75249
-0.58626	1.76131
-0.568647	1.77006
-0.550946	1.77874
-0.533159	1.78735
-0.515285	1.79588
-0.497326	1.80433
-0.479283	1.8127
-0.461156	1.82098
-0.442946	1.82918
-0.424655	1.83728
-0.406282	1.8453
-0.387829	1.85321
-0.369297	1.86102
-0.350686	1.86874
-0.331999	1.87634
-0.313236	1.88383
-0.294397	1.89121
-0.275485	1.89848
-0.2565	1.90562
-0.237444	1.91263
-0.218318	1.91952
-0.199123	1.92627
-0.17986	1.93289
-0.160531	1.93936
-0.141137	1.94569
-0.121681	1.95187
-0.102162	1.95789
-0.0825829	1.96376
-0.0629453	1.96946
-0.0432507	1.97499
-0.0235008	1.98036
-0.00369722	1.98554
0.0161582	1.99054
0.0360636	1.99535
0.0560171	1.99997
0.0760168	2.0044
0.0960608	2.00862
0.116147	2.01263
0.136273	2.01644
0.156438	2.02002
0.176638	2.02338
0.196872	2.02652
0.217137	2.02942
0.237431	2.03208
0.257752	2.0345
0.278097	2.03667
0.298464	2.03859
0.31885	2.04025
0.339252	2.04164
0.359669	2.04277
0.380096	2.04361
0.400532	2.04418
0.420974	2.04447
0.441419	2.04447
0.461864	2.04417
0.482305	2.04357
0.502741	2.04267
0.523168	2.04145
0.543582	2.03993
0.563981	2.03809
0.584362	2.03592
0.604721	2.03343
0.625056	2.03061
0.645362	2.02745
0.665636	2.02395
0.685876	2.02011
0.706077	2.01593
0.726236	2.0114
0.74635	2.00651
0.766415	2.00127
0.786428	1.99567
0.806385	1.98971
0.826282	1.98338
0.846116	1.9767
0.865883	1.96964
0.885579	1.96221
0.905201	1.95441
0.924745	1.94624
0.944208	1.9377
0.963585	1.92879
0.982873	1.91949
1.00207	1.90983
1.02117	1.89979
1.04016	1.88937
1.05906	1.87858
1.07784	1.86742
1.09652	1.85589
1.11508	1.84399
1.13352	1.83171
1.15183	1.81907
1.17002	1.80607
1.18808	1.7927
1.20601	1.77898
1.2238	1.7649
1.24145	1.75046
1.25896	1.73568
1.27631	1.72055
1.29352	1.70508
1.31057	1.68928
1.32746	1.67314
1.34419	1.65668
1.36076	1.6399
1.37716	1.6228
1.39339	1.60539
1.40944	1.58767
1.42532	1.56966
1.44101	1.55136
1.45653	1.53278
1.47185	1.51392
1.48699	1.49478
1.50194	1.47539
1.5167	1.45573
1.53125	1.43584
1.54561	1.4157
1.55977	1.39532
1.57372	1.37473
1.58747	1.35392
1.60101	1.3329
1.61434	1.31168
1.62745	1.29027
1.64036	1.26867
1.65304	1.24691
1.66551	1.22498
1.67776	1.20289
1.68979	1.18065
1.7016	1.15828
1.71318	1.13578
1.72454	1.11315
1.73567	1.09041
1.74657	1.06757
1.75725	1.04463
1.7677	1.0216
1.77791	0.9985
1.7879	0.975327
1.79765	0.952092
1.80717	0.928804
1.81646	0.905471
1.82551	0.882101
1.83433	0.858702
1.84292	0.835282
1.85127	0.811849
1.85939	0.78841
1.86728	0.764972
1.87493	0.741544
1.88234	0.718131
1.88952	0.694742
1.89647	0.671382
1.90318	0.64806
1.90967	0.624779
1.91591	0.601549
1.92193	0.578373
1.92771	0.555259
1.93326	0.532211
1.93859	0.509236
1.94368	0.486339
1.94854	0.463525
1.95318	0.440798
1.95759	0.418165
1.96177	0.395628
1.96572	0.373193
1.96946	0.350864
1.97296	0.328644
1.97625	0.306538
1.97932	0.284548
1.98216	0.26268
1.98479	0.240935
1.9872	0.219316
1.98939	0.197827
1.99137	0.176471
1.99313	0.155249
1.99469	0.134164
1.99603	0.113218
1.99716	0.0924127
1.99808	0.0717506
1.9988	0.051233
1.99931	0.0308614
1.99962	0.010637
1.99973	-0.00943898
1.99963	-0.0293655
1.99934	-0.0491417
1.99885	-0.0687669
1.99816	-0.0882404
1.99728	-0.107562
1.9962	-0.126731
1.99494	-0.145747
1.99348	-0.164611
1.99183	-0.183322
1.99	-0.20188
1.98798	-0.220286
1.98578	-0.23854
1.98339	-0.256643
1.98083	-0.274594
1.97808	-0.292396
1.97516	-0.310047
1.97206	-0.32755
1.96878	-0.344905
1.96533	-0.362113
1.96171	-0.379175
1.95792	-0.396092
1.95396	-0.412865
1.94983	-0.429496
1.94553	-0.445986
1.94107	-0.462336
1.93645	-0.478548
1.93167	-0.494622
1.92672	-0.510561
1.92161	-0.526367
1.91635	-0.54204
1.91093	-0.557582
1.90535	-0.572995
1.89962	-0.58828
1.89374	-0.60344
1.88771	-0.618476
1.88152	-0.633389
1.87519	-0.648182
1.86871	-0.662857
1.86208	-0.677414
1.8553	-0.691856
1.84838	-0.706185
1.84132	-0.720403
1.83412	-0.734511
1.82677	-0.748511
1.81929	-0.762405
1.81166	-0.776196
1.8039	-0.789884
1.796	-0.803472
1.78797	-0.816961
1.7798	-0.830354
1.7715	-0.843652
1.76306	-0.856858
1.75449	-0.869972
1.74579	-0.882997
1.73696	-0.895934
1.728	-0.908786
1.71891	-0.921554
1.7097	-0.93424
1.70036	-0.946845
1.69089	-0.959372
1.68129	-0.971822
1.67158	-0.984197
1.66173	-0.996498
1.65177	-1.00873
1.64168	-1.02089
1.63147	-1.03298
1.62114	-1.045
1.61069	-1.05696
1.60012	-1.06885
1.58943	-1.08068
1.57863	-1.09245
1.5677	-1.10417
1.55666	-1.11582
1.5455	-1.12742
1.53423	-1.13896
1.52284	-1.15044
1.51134	-1.16188
1.49972	-1.17326
1.48798	-1.1846
1.47614	-1.19588
1.46418	-1.20712
1.45211	-1.21831
1.43993	-1.22945
1.42763	-1.24055
1.41523	-1.25161
1.40271	-1.26262
1.39008	-1.27359
1.37735	-1.28453
1.3645	-1.29542
1.35155	-1.30627
1.33848	-1.31709
1.32531	-1.32787
1.31203	-1.33861
1.29865	-1.34932
1.28516	-1.35999
1.27156	-1.37062
1.25785	-1.38122
1.24404	-1.39179
1.23012	-1.40233
1.2161	-1.41283
1.20197	-1.4233
1.18773	-1.43374
1.1734	-1.44414
1.15896	-1.45451
1.14441	-1.46486
1.12976	-1.47517
1.11501	-1.48545
1.10016	-1.49569
1.0852	-1.50591
1.07014	-1.51609
1.05498	-1.52624
1.03972	-1.53636
1.02435	-1.54645
1.00889	-1.5565
0.993324	-1.56652
0.977659	-1.5765
0.961894	-1.58645
0.946029	-1.59637
0.930065	-1.60625
0.914003	-1.61609
0.897842	-1.6259
0.881583	-1.63566
0.865226	-1.64539
0.848773	-1.65508
0.832222	-1.66472
0.815575	-1.67432
0.798831	-1.68388
0.781993	-1.69339
0.765059	-1.70286
0.74803	-1.71227
0.730907	-1.72164
0.713691	-1.73095
0.696381	-1.74021
0.678979	-1.74942
0.661485	-1.75856
0.6439	-1.76765
0.626223	-1.77668
0.608456	-1.78564
0.5906	-1.79454
0.572655	-1.80336
0.554621	-1.81212
0.5365	-1.8208
0.518292	-1.82941
0.499998	-1.83794
0.481618	-1.84638
0.463154	-1.85474
0.444607	-1.86302
0.425977	-1.8712
0.407265	-1.87929
0.388472	-1.88728
0.369599	-1.89517
0.350647	-1.90296
0.331618	-1.91064
0.312511	-1.91821
0.293329	-1.92566
0.274073	-1.93299
0.254743	-1.9402
0.235341	-1.94728
0.215868	-1.95424
0.196326	-1.96105
0.176715	-1.96773
0.157038	-1.97426
0.137295	-1.98065
0.117489	-1.98688
0.0976199	-1.99295
0.0776903	-1.99886
0.0577017	-2.00461
0.0376556	-2.01018
0.0175539	-2.01557
-0.00260188	-2.02079
-0.0228097	-2.02581
-0.0430679	-2.03065
-0.0633743	-2.03528
-0.0837272	-2.03972
-0.104124	-2.04394
-0.124564	-2.04796
-0.145043	-2.05175
-0.165561	-2.05532
-0.186114	-2.05866
-0.206701	-2.06177
-0.227318	-2.06464
-0.247965	-2.06726
-0.268637	-2.06963
-0.289334	-2.07175
-0.310051	-2.0736
-0.330787	-2.07518
-0.351539	-2.0765
-0.372304	-2.07753
-0.393079	-2.07828
-0.413862	-2.07874
-0.434649	-2.07891
-0.455439	-2.07878
-0.476226	-2.07834
-0.49701	-2.0776
-0.517786	-2.07654
-0.538551	-2.07516
-0.559303	-2.07346
-0.580037	-2.07143
-0.600752	-2.06906
-0.621442	-2.06636
-0.642106	-2.06332
-0.662739	-2.05993
-0.683338	-2.05619
-0.7039	-2.0521
-0.724421	-2.04765
-0.744898	-2.04283
-0.765326	-2.03766
-0.785703	-2.03212
-0.806024	-2.0262
-0.826286	-2.01992
-0.846485	-2.01326
-0.866618	-2.00622
-0.88668	-1.9988
-0.906668	-1.991
-0.926578	-1.98282
-0.946406	-1.97426
-0.966149	-1.96531
-0.985802	-1.95597
-1.00536	-1.94625
-1.02482	-1.93615
-1.04419	-1.92566
-1.06344	-1.91478
-1.08259	-1.90352
-1.10163	-1.89187
-1.12054	-1.87985
-1.13934	-1.86744
-1.15802	-1.85466
-1.17656	-1.84149
-1.19498	-1.82796
-1.21326	-1.81405
-1.2314	-1.79978
-1.2494	-1.78514
-1.26725	-1.77015
-1.28495	-1.75479
-1.3025	-1.73909
-1.31989	-1.72303
-1.33712	-1.70664
-1.35418	-1.6899
-1.37108	-1.67284
-1.38781	-1.65545
-1.40437	-1.63774
-1.42074	-1.61971
-1.43694	-1.60138
-1.45295	-1.58275
-1.46878	-1.56382
-1.48442	-1.54461
-1.49987	-1.52512
-1.51512	-1.50536
-1.53017	-1.48533
-1.54502	-1.46505
-1.55968	-1.44452
-1.57412	-1.42375
-1.58836	-1.40275
-1.60239	-1.38152
-1.6162	-1.36008
-1.6298	-1.33844
-1.64319	-1.3166
-1.65635	-1.29457
-1.6693	-1.27237
-1.68202	-1.24999
-1.69452	-1.22745
-1.7068	-1.20477
-1.71884	-1.18194
-1.73066	-1.15897
-1.74225	-1.13588
-1.75361	-1.11268
-1.76474	-1.08937
-1.77563	-1.06597
-1.78629	-1.04247
-1.79672	-1.0189
-1.80691	-0.995259
-1.81686	-0.971554
-1.82657	-0.947797
-1.83605	-0.923995
-1.84529	-0.900157
-1.85429	-0.876292
-1.86306	-0.852407
-1.87158	-0.828511
-1.87986	-0.804611
-1.88791	-0.780716
-1.89572	-0.756832
-1.90329	-0.732967
-1.91062	-0.709129
-1.91771	-0.685324
-1.92456	-0.661559
-1.93118	-0.637841
-1.93755	-0.614177
-1.9437	-0.590573
-1.9496	-0.567034
-1.95527	-0.543568
-1.96071	-0.520179
-1.96591	-0.496873
-1.97088	-0.473655
-1.97562	-0.450531
-1.98012	-0.427505
-1.9844	-0.404582
-1.98844	-0.381766
-1.99226	-0.359063
-1.99585	-0.336475
-1.99921	-0.314007
-2.00235	-0.291662
-2.00527	-0.269444
-2.00797	-0.247356
-2.01044	-0.225402
-2.01269	-0.203583
-2.01473	-0.181904
-2.01655	-0.160365
-2.01815	-0.13897
-2.01954	-0.117721
-2.02072	-0.0966198
-2.02168	-0.0756678
-2.02244	-0.054867
-2.02299	-0.0342187
-2.02333	-0.0137242
-2.02347	0.00661524
-2.0234	0.0267988
-2.02314	0.0468255
-2.02267	0.0666948
-2.022	0.086406
-2.02114	0.105959
-2.02008	0.125353
-2.01882	0.144588
-2.01738	0.163665
-2.01574	0.182583
-2.01391	0.201342
-2.0119	0.219943
-2.0097	0.238386
-2.00732	0.256672
-2.00475	0.274801
-2.002	0.292775
-1.99908	0.310593
-1.99597	0.328257
-1.99269	0.345768
-1.98923	0.363127
-1.9856	0.380335
-1.98179	0.397393
-1.97782	0.414302
-1.97368	0.431065
-1.96937	0.447681
-1.96489	0.464153
-1.96025	0.480483
-1.95544	0.496671
-1.95048	0.512719
-1.94535	0.528629
-1.94006	0.544403
-1.93462	0.560042
-1.92902	0.575548
-1.92326	0.590923
-1.91735	0.606168
-1.91129	0.621286
-1.90508	0.636278
-1.89872	0.651147
-1.89221	0.665893
-1.88555	0.680519
-1.87874	0.695027
-1.87179	0.709419
-1.8647	0.723697
-1.85746	0.737862
-1.85008	0.751917
-1.84256	0.765864
-1.8349	0.779704
-1.82711	0.793439
-1.81917	0.807072
-1.8111	0.820604
-1.8029	0.834037
-1.79456	0.847374
-1.78608	0.860616
-1.77748	0.873764
-1.76874	0.886822
-1.75987	0.899791
-1.75087	0.912672
-1.74174	0.925468
-1.73249	0.93818
-1.72311	0.95081
-1.7136	0.963361
-1.70397	0.975833
-1.69421	0.988229
-1.68433	1.00055
-1.67432	1.0128
-1.66419	1.02498
-1.65394	1.03708
-1.64357	1.04912
-1.63308	1.0611
-1.62247	1.07301
-1.61174	1.08485
-1.60089	1.09664
-1.58992	1.10836
-1.57884	1.12003
-1.56764	1.13163
-1.55632	1.14319
-1.54489	1.15469
-1.53335	1.16613
-1.52168	1.17753
-1.50991	1.18887
-1.49802	1.20017
-1.48602	1.21141
-1.4739	1.22261
-1.46168	1.23377
-1.44934	1.24488
-1.43689	1.25595
-1.42433	1.26697
-1.41166	1.27796
-1.39888	1.2889
-1.38599	1.29981
-1.373	1.31068
-1.35989	1.32151
-1.34667	1.3323
-1.33335	1.34306
-1.31992	1.35378
-1.30638	1.36447
-1.29274	1.37512
-1.27899	1.38574
-1.26513	1.39633
-1.25117	1.40688
-1.2371	1.4174
-1.22292	1.4279
-1.20864	1.43836
-1.19426	1.44879
-1.17977	1.45918
-1.16518	1.46955
-1.15049	1.47989
-1.13569	1.4902
-1.12079	1.50048
-1.10578	1.51072
-1.09067	1.52094
-1.07546	1.53112
-1.06015	1.54128
-1.04474	1.5514
-1.02923	1.5615
-1.01361	1.57156
-0.997895	1.58159
-0.982079	1.59158
-0.966163	1.60154
-0.950148	1.61147
-0.934033	1.62136
-0.91782	1.63122
-0.901507	1.64104
-0.885097	1.65083
-0.868589	1.66057
-0.851983	1.67028
-0.83528	1.67994
-0.818481	1.68956
-0.801585	1.69914
-0.784594	1.70868
-0.767507	1.71816
-0.750325	1.72761
-0.733049	1.737
-0.715679	1.74634
-0.698216	1.75562
-0.68066	1.76485
-0.663011	1.77403
-0.645271	1.78314
-0.62744	1.7922
-0.609518	1.80119
-0.591506	1.81011
-0.573404	1.81897
-0.555215	1.82776
-0.536937	1.83647
-0.518572	1.84511
-0.500121	1.85367
-0.481585	1.86214
-0.462963	1.87053
-0.444258	1.87884
-0.42547	1.88705
-0.406599	1.89517
-0.387647	1.90319
-0.368616	1.91111
-0.349505	1.91892
-0.330315	1.92663
-0.311049	1.93422
-0.291707	1.9417
-0.27229	1.94906
-0.252799	1.95629
-0.233236	1.9634
-0.213602	1.97037
-0.193898	1.97721
-0.174126	1.98391
-0.154287	1.99046
-0.134383	1.99686
-0.114414	2.0031
-0.0943831	2.00919
-0.0742912	2.01511
-0.05414	2.02087
-0.0339314	2.02644
-0.0136669	2.03184
0.00665152	2.03706
0.0270221	2.04209
0.047443	2.04692
0.0679121	2.05155
0.0884276	2.05597
0.108987	2.06019
0.129589	2.06419
0.150231	2.06797
0.170911	2.07152
0.191626	2.07484
0.212374	2.07792
0.233154	2.08075
0.253961	2.08334
0.274794	2.08567
0.295651	2.08775
0.316529	2.08955
0.337424	2.09109
0.358335	2.09235
0.379259	2.09332
0.400192	2.09401
0.421132	2.0944
0.442076	2.0945
0.463021	2.09429
0.483964	2.09378
0.504902	2.09294
0.525831	2.09179
0.546749	2.09032
0.567652	2.08852
0.588537	2.08638
0.609401	2.0839
0.63024	2.08108
0.651051	2.07792
0.67183	2.0744
0.692574	2.07053
0.713279	2.06629
0.733942	2.0617
0.754559	2.05674
0.775127	2.05141
0.795641	2.0457
0.816098	2.03962
0.836494	2.03316
0.856826	2.02633
0.877089	2.0191
0.89728	2.0115
0.917395	2.0035
0.93743	1.99512
0.957381	1.98635
0.977245	1.97719
0.997017	1.96764
1.01669	1.9577
1.03627	1.94737
1.05574	1.93665
1.07511	1.92554
1.09437	1.91404
1.11351	1.90215
1.13253	1.88987
1.15143	1.87721
1.1702	1.86417
1.18884	1.85074
1.20735	1.83694
1.22572	1.82277
1.24394	1.80822
1.26203	1.79331
1.27996	1.77803
1.29774	1.76239
1.31536	1.7464
1.33283	1.73006
1.35013	1.71337
1.36726	1.69635
1.38423	1.67899
1.40102	1.6613
1.41763	1.64329
1.43406	1.62497
1.45031	1.60633
1.46637	1.5874
1.48225	1.56817
1.49793	1.54866
1.51342	1.52886
1.52871	1.50879
1.54379	1.48846
1.55868	1.46788
1.57336	1.44705
1.58783	1.42598
1.60209	1.40467
1.61613	1.38315
1.62997	1.36142
1.64358	1.33948
1.65697	1.31734
1.67015	1.29503
1.6831	1.27253
1.69582	1.24987
1.70832	1.22705
1.72059	1.20408
1.73263	1.18097
1.74444	1.15774
1.75602	1.13438
1.76736	1.11091
1.77847	1.08734
1.78935	1.06367
1.79998	1.03993
1.81038	1.0161
1.82054	0.992214
1.83047	0.968268
1.84015	0.944273
1.84959	0.920239
1.85879	0.896173
1.86776	0.872085
1.87648	0.847981
1.88496	0.823872
1.8932	0.799764
1.90119	0.775665
1.90895	0.751583
1.91647	0.727526
1.92374	0.7035
1.93078	0.679512
1.93757	0.65557
1.94413	0.631681
1.95044	0.60785
1.95652	0.584084
1.96236	0.560389
1.96797	0.536772
1.97333	0.513237
1.97847	0.48979
1.98336	0.466437
1.98803	0.443182
1.99246	0.420031
1.99666	0.396988
2.00063	0.374057
2.00437	0.351243
2.00788	0.32855
2.01117	0.305981
2.01423	0.28354
2.01706	0.261231
2.01968	0.239056
2.02207	0.217019
2.02424	0.195122
2.02619	0.173369
2.02792	0.151761
2.02944	0.130301
2.03074	0.108991
2.03183	0.0878322
2.03271	0.066827
2.03338	0.0459766
2.03384	0.0252825
2.03409	0.00474591
2.03414	-0.0156322
2.03398	-0.035851
2.03362	-0.0559097
2.03307	-0.0758076
2.03231	-0.0955445
2.03135	-0.11512
2.0302	-0.134534
2.02886	-0.153786
2.02732	-0.172876
2.02559	-0.191805
2.02367	-0.210573
2.02157	-0.22918
2.01927	-0.247628
2.0168	-0.265915
2.01414	-0.284044
2.0113	-0.302015
2.00828	-0.319828
2.00508	-0.337486
2.0017	-0.354988
1.99815	-0.372337
1.99443	-0.389533
1.99054	-0.406577
1.98647	-0.423472
1.98224	-0.440217
1.97783	-0.456816
1.97326	-0.473269
1.96853	-0.489578
1.96364	-0.505744
1.95858	-0.52177
1.95336	-0.537656
1.94798	-0.553405
1.94245	-0.569018
1.93676	-0.584498
1.93092	-0.599846
1.92492	-0.615063
1.91877	-0.630153
1.91246	-0.645116
1.90601	-0.659954
1.89941	-0.67467
1.89267	-0.689266
1.88577	-0.703743
1.87874	-0.718104
1.87156	-0.73235
1.86423	-0.746483
1.85677	-0.760506
1.84916	-0.77442
