1.01	0.99
1.0199	0.979801
1.0297	0.969405
1.03939	0.958815
1.04898	0.948036
1.05846	0.937071
1.06783	0.925922
1.07709	0.914595
1.08624	0.903092
1.09527	0.891417
1.10418	0.879574
1.11298	0.867569
1.12165	0.855403
1.13021	0.843083
1.13864	0.830612
1.14694	0.817994
1.15512	0.805234
1.16318	0.792337
1.1711	0.779307
1.17889	0.766148
1.18655	0.752866
1.19408	0.739465
1.20148	0.72595
1.20874	0.712325
1.21586	0.698596
1.22285	0.684766
1.22969	0.670842
1.2364	0.656827
1.24297	0.642727
1.2494	0.628546
1.25568	0.614289
1.26183	0.59996
1.26783	0.585566
1.27368	0.571109
1.27939	0.556595
1.28496	0.542029
1.29038	0.527415
1.29565	0.512757
1.30078	0.498061
1.30576	0.483329
1.31059	0.468568
1.31528	0.453781
1.31982	0.438972
1.32421	0.424145
1.32845	0.409305
1.33254	0.394455
1.33649	0.3796
1.34028	0.364743
1.34393	0.349888
1.34743	0.335038
1.35078	0.320198
1.35398	0.30537
1.35703	0.290558
1.35994	0.275765
1.3627	0.260994
1.36531	0.246249
1.36777	0.231532
1.37009	0.216846
1.37225	0.202194
1.37428	0.187579
1.37615	0.173003
1.37788	0.158468
1.37947	0.143977
1.38091	0.129533
1.3822	0.115136
1.38335	0.10079
1.38436	0.0864961
1.38523	0.0722561
1.38595	0.0580719
1.38653	0.043945
1.38697	0.029877
1.38727	0.0158694
1.38743	0.00192334
1.38745	-0.0119598
1.38733	-0.025779
1.38707	-0.039533
1.38667	-0.0532211
1.38614	-0.0668422
1.38547	-0.0803957
1.38467	-0.0938808
1.38373	-0.107297
1.38266	-0.120643
1.38145	-0.13392
1.38011	-0.147126
1.37864	-0.160262
1.37704	-0.173327
1.3753	-0.18632
1.37344	-0.199243
1.37145	-0.212094
1.36933	-0.224875
1.36708	-0.237584
1.3647	-0.250223
1.3622	-0.262791
1.35957	-0.275288
1.35682	-0.287716
1.35394	-0.300075
1.35094	-0.312364
1.34782	-0.324585
1.34457	-0.336738
1.3412	-0.348823
1.33772	-0.360842
1.33411	-0.372795
1.33038	-0.384682
1.32653	-0.396505
1.32257	-0.408264
1.31849	-0.419961
1.31429	-0.431595
1.30997	-0.443168
1.30554	-0.454682
1.30099	-0.466135
1.29633	-0.477531
1.29155	-0.48887
1.28667	-0.500152
1.28166	-0.51138
1.27655	-0.522553
1.27133	-0.533674
1.26599	-0.544742
1.26054	-0.555761
1.25498	-0.566729
1.24932	-0.57765
1.24354	-0.588523
1.23765	-0.599351
1.23166	-0.610134
1.22556	-0.620873
1.21935	-0.631571
1.21304	-0.642227
1.20661	-0.652843
1.20008	-0.663421
1.19345	-0.673962
1.18671	-0.684466
1.17987	-0.694936
1.17292	-0.705373
1.16586	-0.715777
1.15871	-0.72615
1.15144	-0.736493
1.14408	-0.746807
1.13661	-0.757095
1.12904	-0.767356
1.12137	-0.777592
1.11359	-0.787805
1.10571	-0.797995
1.09773	-0.808164
1.08965	-0.818313
1.08147	-0.828443
1.07318	-0.838555
1.0648	-0.848651
1.05631	-0.858731
1.04772	-0.868797
1.03904	-0.87885
1.03025	-0.88889
1.02136	-0.89892
1.01237	-0.908939
1.00328	-0.91895
0.99409	-0.928953
0.984801	-0.938948
0.975411	-0.948938
0.965922	-0.958922
0.956333	-0.968903
0.946644	-0.97888
0.936855	-0.988855
0.926966	-0.998828
0.916978	-1.0088
0.90689	-1.01877
0.896702	-1.02875
0.886415	-1.03872
0.876028	-1.0487
0.865541	-1.05868
0.854954	-1.06866
0.844267	-1.07865
0.833481	-1.08864
0.822594	-1.09864
0.811608	-1.10864
0.800522	-1.11865
0.789335	-1.12866
0.778049	-1.13868
0.766662	-1.14871
0.755175	-1.15874
0.743587	-1.16878
0.731899	-1.17883
0.720111	-1.18889
0.708222	-1.19895
0.696233	-1.20902
0.684142	-1.2191
0.671951	-1.22918
0.65966	-1.23927
0.647267	-1.24937
0.634773	-1.25947
0.622178	-1.26958
0.609483	-1.27969
0.596686	-1.28981
0.583788	-1.29993
0.570788	-1.31005
0.557688	-1.32018
0.544486	-1.3303
0.531183	-1.34042
0.517779	-1.35055
0.504273	-1.36067
0.490667	-1.37078
0.476959	-1.38089
0.46315	-1.391
0.44924	-1.40109
0.435229	-1.41118
0.421117	-1.42125
0.406905	-1.4313
0.392592	-1.44135
0.378178	-1.45137
0.363665	-1.46137
0.349051	-1.47135
0.334337	-1.4813
0.319525	-1.49122
0.304612	-1.50111
0.289601	-1.51096
0.274492	-1.52078
0.259284	-1.53056
0.243978	-1.54029
0.228575	-1.54997
0.213076	-1.5596
0.19748	-1.56918
0.181788	-1.57869
0.166001	-1.58814
0.15012	-1.59752
0.134144	-1.60683
0.118076	-1.61606
0.101915	-1.62521
0.0856633	-1.63427
0.0693206	-1.64324
0.0528882	-1.65211
0.0363671	-1.66088
0.0197583	-1.66953
0.00306297	-1.67808
-0.0137178	-1.6865
-0.0305827	-1.69479
-0.0475306	-1.70295
-0.0645601	-1.71097
-0.0816699	-1.71884
-0.0988583	-1.72656
-0.116124	-1.73412
-0.133465	-1.74152
-0.15088	-1.74873
-0.168368	-1.75577
-0.185925	-1.76262
-0.203552	-1.76927
-0.221244	-1.77571
-0.239001	-1.78194
-0.256821	-1.78795
-0.2747	-1.79373
-0.292638	-1.79928
-0.31063	-1.80458
-0.328676	-1.80962
-0.346772	-1.81441
-0.364916	-1.81892
-0.383106	-1.82316
-0.401337	-1.8271
-0.419608	-1.83075
-0.437916	-1.8341
-0.456257	-1.83713
-0.474628	-1.83984
-0.493027	-1.84222
-0.511449	-1.84427
-0.529891	-1.84596
-0.548351	-1.8473
-0.566824	-1.84828
-0.585307	-1.84888
-0.603796	-1.8491
-0.622287	-1.84894
-0.640776	-1.84838
-0.65926	-1.84742
-0.677734	-1.84605
-0.696195	-1.84427
-0.714637	-1.84206
-0.733058	-1.83942
-0.751452	-1.83634
-0.769815	-1.83282
-0.788144	-1.82886
-0.806432	-1.82444
-0.824677	-1.81957
-0.842872	-1.81423
-0.861015	-1.80843
-0.879099	-1.80216
-0.89712	-1.79541
-0.915074	-1.78819
-0.932956	-1.7805
-0.950761	-1.77232
-0.968485	-1.76366
-0.986121	-1.75453
-1.00367	-1.74491
-1.02112	-1.73481
-1.03846	-1.72422
-1.05571	-1.71316
-1.07284	-1.70163
-1.08985	-1.68961
-1.10675	-1.67713
-1.12352	-1.66417
-1.14016	-1.65076
-1.15667	-1.63688
-1.17304	-1.62255
-1.18926	-1.60777
-1.20534	-1.59254
-1.22127	-1.57688
-1.23704	-1.5608
-1.25264	-1.54429
-1.26809	-1.52737
-1.28336	-1.51004
-1.29846	-1.49232
-1.31338	-1.47422
-1.32813	-1.45574
-1.34268	-1.4369
-1.35705	-1.41771
-1.37123	-1.39817
-1.38521	-1.3783
-1.399	-1.35812
-1.41258	-1.33763
-1.42595	-1.31685
-1.43912	-1.29578
-1.45208	-1.27445
-1.46482	-1.25287
-1.47735	-1.23104
-1.48966	-1.20899
-1.50175	-1.18672
-1.51362	-1.16426
-1.52526	-1.14161
-1.53668	-1.11878
-1.54787	-1.0958
-1.55882	-1.07267
-1.56955	-1.04942
-1.58005	-1.02604
-1.59031	-1.00256
-1.60033	-0.978996
-1.61012	-0.955351
-1.61967	-0.931643
-1.62899	-0.907884
-1.63807	-0.884088
-1.64691	-0.860266
-1.65551	-0.836432
-1.66388	-0.812597
-1.672	-0.788773
-1.67989	-0.764971
-1.68754	-0.741203
-1.69495	-0.71748
-1.70213	-0.693812
-1.70907	-0.670209
-1.71577	-0.646681
-1.72224	-0.623238
-1.72847	-0.599889
-1.73447	-0.576643
-1.74023	-0.553507
-1.74577	-0.530491
-1.75107	-0.507602
-1.75615	-0.484847
-1.761	-0.462234
-1.76562	-0.439768
-1.77002	-0.417456
-1.77419	-0.395303
-1.77814	-0.373316
-1.78188	-0.3515
-1.78539	-0.329858
-1.78869	-0.308396
-1.79178	-0.287118
-1.79465	-0.266027
-1.79731	-0.245126
-1.79976	-0.22442
-1.802	-0.20391
-1.80404	-0.183598
-1.80588	-0.163488
-1.80751	-0.143581
-1.80895	-0.123879
-1.81019	-0.104382
-1.81123	-0.0850915
-1.81208	-0.0660089
-1.81274	-0.0471344
-1.81321	-0.0284682
-1.8135	-0.0100104
-1.8136	0.0082391
-1.81352	0.0262808
-1.81325	0.0441152
-1.81281	0.061743
-1.81219	0.0791653
-1.8114	0.0963832
-1.81044	0.113398
-1.8093	0.130211
-1.808	0.146824
-1.80653	0.163238
-1.8049	0.179456
-1.80311	0.195479
-1.80115	0.21131
-1.79904	0.22695
-1.79677	0.242403
-1.79435	0.25767
-1.79177	0.272753
-1.78904	0.287657
-1.78617	0.302382
-1.78314	0.316932
-1.77997	0.331309
-1.77666	0.345517
-1.7732	0.359558
-1.76961	0.373435
-1.76587	0.387152
-1.762	0.40071
-1.758	0.414113
-1.75385	0.427364
-1.74958	0.440467
-1.74518	0.453424
-1.74064	0.466238
-1.73598	0.478912
-1.73119	0.49145
-1.72628	0.503855
-1.72124	0.516129
-1.71608	0.528277
-1.71079	0.5403
-1.70539	0.552203
-1.69987	0.563988
-1.69423	0.575658
-1.68847	0.587217
-1.6826	0.598667
-1.67661	0.610012
-1.67051	0.621254
-1.6643	0.632397
-1.65798	0.643444
-1.65154	0.654397
-1.645	0.66526
-1.63834	0.676035
-1.63158	0.686726
-1.62472	0.697335
-1.61774	0.707865
-1.61067	0.718319
-1.60348	0.728699
-1.5962	0.73901
-1.58881	0.749252
-1.58131	0.75943
-1.57372	0.769545
-1.56602	0.779601
-1.55823	0.7896
-1.55033	0.799544
-1.54234	0.809436
-1.53424	0.819279
-1.52605	0.829076
-1.51776	0.838828
-1.50937	0.848538
-1.50088	0.858209
-1.4923	0.867842
-1.48362	0.877441
-1.47485	0.887008
-1.46598	0.896544
-1.45701	0.906053
-1.44795	0.915536
-1.4388	0.924996
-1.42955	0.934435
-1.4202	0.943854
-1.41076	0.953257
-1.40123	0.962645
-1.39161	0.97202
-1.38189	0.981384
-1.37207	0.990739
-1.36216	1.00009
-1.35216	1.00943
-1.34207	1.01877
-1.33188	1.02811
-1.3216	1.03745
-1.31123	1.0468
-1.30076	1.05614
-1.2902	1.0655
-1.27954	1.07486
-1.26879	1.08423
-1.25795	1.09361
-1.24701	1.10301
-1.23598	1.11241
-1.22486	1.12184
-1.21364	1.13128
-1.20233	1.14074
-1.19092	1.15023
-1.17942	1.15973
-1.16782	1.16926
-1.15613	1.17881
-1.14434	1.18838
-1.13246	1.19799
-1.12048	1.20762
-1.1084	1.21728
-1.09623	1.22698
-1.08396	1.2367
-1.07159	1.24646
-1.05913	1.25625
-1.04656	1.26608
-1.0339	1.27594
-1.02114	1.28584
-1.00829	1.29577
-0.995328	1.30575
-0.982271	1.31576
-0.969113	1.32582
-0.955855	1.33591
-0.942496	1.34605
-0.929035	1.35622
-0.915473	1.36644
-0.901809	1.3767
-0.888042	1.38701
-0.874172	1.39735
-0.860198	1.40774
-0.846121	1.41818
-0.831939	1.42865
-0.817652	1.43917
-0.803261	1.44973
-0.788763	1.46034
-0.77416	1.47098
-0.75945	1.48167
-0.744634	1.4924
-0.72971	1.50317
-0.714678	1.51398
-0.699538	1.52483
-0.68429	1.53572
-0.668932	1.54665
-0.653466	1.55761
-0.63789	1.56861
-0.622204	1.57964
-0.606407	1.5907
-0.5905	1.60179
-0.574483	1.61291
-0.558353	1.62406
-0.542113	1.63523
-0.52576	1.64643
-0.509296	1.65764
-0.49272	1.66887
-0.476031	1.68012
-0.45923	1.69138
-0.442316	1.70264
-0.42529	1.71391
-0.408151	1.72519
-0.390899	1.73646
-0.373534	1.74772
-0.356057	1.75898
-0.338467	1.77022
-0.320765	1.78144
-0.302951	1.79264
-0.285024	1.80381
-0.266986	1.81494
-0.248837	1.82604
-0.230576	1.83709
-0.212205	1.8481
-0.193724	1.85904
-0.175134	1.86993
-0.156435	1.88074
-0.137627	1.89148
-0.118713	1.90213
-0.0996912	1.9127
-0.0805642	1.92316
-0.0613326	1.93352
-0.0419974	1.94377
-0.0225597	1.95389
-0.00302086	1.96388
0.0166179	1.97373
0.0363552	1.98343
0.0561895	1.99297
0.0761191	2.00234
0.0961425	2.01153
0.116258	2.02053
0.136463	2.02934
0.156757	2.03793
0.177136	2.0463
0.197599	2.05444
0.218143	2.06234
0.238767	2.06998
0.259466	2.07735
0.28024	2.08444
0.301084	2.09124
0.321997	2.09774
0.342974	2.10392
0.364013	2.10977
0.385111	2.11529
0.406264	2.12044
0.427468	2.12523
0.448721	2.12964
0.470017	2.13366
0.491354	2.13727
0.512726	2.14046
0.534131	2.14322
0.555563	2.14554
0.577019	2.1474
0.598493	2.14879
0.619981	2.14971
0.641478	2.15012
0.662979	2.15003
0.684479	2.14943
0.705974	2.1483
0.727457	2.14663
0.748923	2.1444
0.770367	2.14162
0.791783	2.13827
0.813166	2.13434
0.834509	2.12983
0.855808	2.12471
0.877055	2.119
0.898245	2.11267
0.919371	2.10573
0.940429	2.09817
0.96141	2.08998
0.98231	2.08115
1.00312	2.07169
1.02384	2.0616
1.04445	2.05086
1.06496	2.03949
1.08536	2.02747
1.10563	2.01481
1.12578	2.00151
1.1458	1.98758
1.16567	1.97301
1.1854	1.95782
1.20498	1.942
1.2244	1.92556
1.24366	1.90851
1.26274	1.89085
1.28165	1.87261
1.30038	1.85377
1.31891	1.83436
1.33726	1.81439
1.3554	1.79387
1.37334	1.77281
1.39107	1.75122
1.40858	1.72912
1.42587	1.70653
1.44294	1.68345
1.45977	1.65992
1.47637	1.63593
1.49273	1.61152
1.50884	1.5867
1.52471	1.56148
1.54033	1.53589
1.55568	1.50994
1.57078	1.48367
1.58562	1.45707
1.60019	1.43019
1.61449	1.40302
1.62852	1.37561
1.64228	1.34796
1.65576	1.3201
1.66896	1.29205
1.68188	1.26382
1.69452	1.23545
1.70687	1.20694
1.71894	1.17833
1.73073	1.14962
1.74222	1.12084
1.75343	1.09201
1.76435	1.06315
1.77498	1.03428
1.78533	1.00541
1.79538	0.976558
1.80515	0.947747
1.81462	0.918993
1.82381	0.890312
1.83272	0.861718
1.84133	0.833227
1.84967	0.804855
1.85771	0.776614
1.86548	0.748519
1.87297	0.720583
1.88017	0.692817
1.8871	0.665234
1.89375	0.637844
1.90013	0.610658
1.90624	0.583686
1.91207	0.556938
1.91764	0.530421
1.92295	0.504144
1.92799	0.478114
1.93277	0.452339
1.93729	0.426824
1.94156	0.401575
1.94558	0.376599
1.94934	0.351898
1.95286	0.327478
1.95614	0.303343
1.95917	0.279494
1.96196	0.255936
1.96452	0.23267
1.96685	0.209699
1.96895	0.187023
1.97082	0.164643
1.97246	0.142561
1.97389	0.120775
1.9751	0.0992876
1.97609	0.0780964
1.97687	0.0572012
1.97744	0.0366007
1.97781	0.0162937
1.97797	-0.0037216
1.97794	-0.0234471
1.9777	-0.0428851
1.97727	-0.0620378
1.97665	-0.080908
1.97584	-0.0994985
1.97485	-0.117812
1.97367	-0.135852
1.97231	-0.153622
1.97077	-0.171126
1.96906	-0.188366
1.96718	-0.205347
1.96513	-0.222072
1.96291	-0.238546
1.96052	-0.254772
1.95797	-0.270755
1.95527	-0.286498
1.9524	-0.302007
1.94938	-0.317285
1.94621	-0.332337
1.94288	-0.347166
1.93941	-0.361779
1.93579	-0.376178
1.93203	-0.390368
1.92813	-0.404355
1.92409	-0.418141
1.9199	-0.431733
1.91559	-0.445134
1.91114	-0.458348
1.90655	-0.471381
1.90184	-0.484236
1.897	-0.496918
1.89203	-0.509432
1.88693	-0.521781
1.88171	-0.53397
1.87637	-0.546004
1.87091	-0.557886
1.86534	-0.56962
1.85964	-0.581212
1.85383	-0.592664
1.8479	-0.603982
1.84186	-0.615169
1.83571	-0.626229
1.82945	-0.637165
1.82308	-0.647983
1.8166	-0.658686
1.81001	-0.669277
1.80332	-0.67976
1.79652	-0.690139
1.78962	-0.700418
1.78261	-0.7106
1.77551	-0.720689
1.7683	-0.730688
1.76099	-0.7406
1.75359	-0.75043
1.74608	-0.76018
1.73848	-0.769853
1.73078	-0.779454
1.72299	-0.788984
1.7151	-0.798448
1.70711	-0.807847
1.69903	-0.817186
1.69086	-0.826468
1.6826	-0.835694
1.67424	-0.844869
1.66579	-0.853995
1.65725	-0.863074
1.64862	-0.87211
1.6399	-0.881105
1.63109	-0.890061
1.62219	-0.898983
1.6132	-0.907871
1.60412	-0.916729
1.59495	-0.92556
1.5857	-0.934364
1.57635	-0.943146
1.56692	-0.951907
1.5574	-0.96065
1.5478	-0.969377
1.5381	-0.978091
1.52832	-0.986792
1.51845	-0.995485
1.5085	-1.00417
1.49846	-1.01285
1.48833	-1.02153
1.47811	-1.03021
1.46781	-1.03888
1.45742	-1.04756
1.44695	-1.05625
1.43639	-1.06495
1.42574	-1.07365
1.415	-1.08236
1.40418	-1.09109
1.39326	-1.09983
1.38227	-1.10858
1.37118	-1.11736
1.36001	-1.12615
1.34875	-1.13497
1.3374	-1.14381
1.32596	-1.15267
1.31443	-1.16156
1.30282	-1.17048
1.29111	-1.17943
1.27932	-1.18841
1.26743	-1.19742
1.25546	-1.20646
1.24339	-1.21554
1.23124	-1.22465
1.21899	-1.23381
1.20665	-1.243
1.19422	-1.25223
1.1817	-1.26151
1.16909	-1.27082
1.15638	-1.28018
1.14358	-1.28959
1.13068	-1.29904
1.11769	-1.30854
1.1046	-1.31808
1.09142	-1.32768
1.07815	-1.33732
1.06477	-1.34702
1.0513	-1.35677
1.03774	-1.36657
1.02407	-1.37642
1.01031	-1.38632
0.996443	-1.39628
0.98248	-1.4063
0.968417	-1.41637
0.954253	-1.42649
0.939988	-1.43667
0.925621	-1.44691
0.911152	-1.4572
0.89658	-1.46755
0.881905	-1.47795
0.867125	-1.48841
0.852241	-1.49893
0.837252	-1.50951
0.822157	-1.52013
0.806956	-1.53082
0.791647	-1.54156
0.776232	-1.55235
0.760708	-1.5632
0.745076	-1.5741
0.729335	-1.58505
0.713485	-1.59605
0.697524	-1.60711
0.681453	-1.61821
0.665271	-1.62936
0.648977	-1.64055
0.632572	-1.65179
0.616054	-1.66307
0.599423	-1.67439
0.58268	-1.68575
0.565822	-1.69714
0.548851	-1.70857
0.531765	-1.72003
0.514565	-1.73151
0.49725	-1.74302
0.479819	-1.75455
0.462274	-1.76611
0.444613	-1.77767
0.426836	-1.78925
0.408944	-1.80083
0.390935	-1.81242
0.372811	-1.82401
0.354571	-1.83559
0.336215	-1.84716
0.317743	-1.85871
0.299156	-1.87025
0.280454	-1.88175
0.261636	-1.89323
0.242704	-1.90466
0.223657	-1.91605
0.204497	-1.92739
0.185223	-1.93867
0.165836	-1.94988
0.146338	-1.96102
0.126727	-1.97208
0.107007	-1.98305
0.0871762	-1.99392
0.0672371	-2.00468
0.0471902	-2.01533
0.0270369	-2.02586
0.00677831	-2.03625
-0.0135842	-2.0465
-0.0340492	-2.0566
-0.0546152	-2.06653
-0.0752804	-2.07628
-0.0960433	-2.08585
-0.116902	-2.09522
-0.137854	-2.10439
-0.158898	-2.11333
-0.180031	-2.12204
-0.201252	-2.13051
-0.222557	-2.13872
-0.243944	-2.14666
-0.26541	-2.15431
-0.286954	-2.16167
-0.30857	-2.16872
-0.330257	-2.17544
-0.352012	-2.18183
-0.37383	-2.18787
-0.395709	-2.19354
-0.417644	-2.19883
-0.439633	-2.20373
-0.46167	-2.20823
-0.483752	-2.2123
-0.505875	-2.21593
-0.528035	-2.21912
-0.550226	-2.22184
-0.572444	-2.22408
-0.594685	-2.22584
-0.616943	-2.22708
-0.639214	-2.22781
-0.661492	-2.22801
-0.683772	-2.22766
-0.706049	-2.22675
-0.728316	-2.22527
-0.750569	-2.22321
-0.772801	-2.22056
-0.795007	-2.21731
-0.81718	-2.21344
-0.839314	-2.20894
-0.861404	-2.20381
-0.883442	-2.19804
-0.905422	-2.19162
-0.927338	-2.18454
-0.949184	-2.17679
-0.970952	-2.16838
-0.992635	-2.15929
-1.01423	-2.14952
-1.03572	-2.13907
-1.05711	-2.12794
-1.07839	-2.11612
-1.09955	-2.10361
-1.12059	-2.09042
-1.1415	-2.07654
-1.16226	-2.06198
-1.18288	-2.04674
-1.20335	-2.03082
-1.22366	-2.01424
-1.2438	-1.99699
-1.26377	-1.97909
-1.28356	-1.96055
-1.30316	-1.94136
-1.32258	-1.92156
-1.34179	-1.90113
-1.36081	-1.8801
-1.37961	-1.85849
-1.39819	-1.8363
-1.41655	-1.81355
-1.43469	-1.79026
-1.45259	-1.76644
-1.47026	-1.74211
-1.48768	-1.71728
-1.50485	-1.69199
-1.52177	-1.66624
-1.53843	-1.64006
-1.55483	-1.61347
-1.57097	-1.58649
-1.58683	-1.55913
-1.60242	-1.53143
-1.61774	-1.5034
-1.63277	-1.47507
-1.64752	-1.44646
-1.66199	-1.41758
-1.67616	-1.38847
-1.69005	-1.35915
-1.70364	-1.32963
-1.71694	-1.29995
-1.72994	-1.27012
-1.74264	-1.24016
-1.75504	-1.21011
-1.76714	-1.17997
-1.77894	-1.14978
-1.79044	-1.11954
-1.80163	-1.08929
-1.81253	-1.05904
-1.82312	-1.02882
-1.8334	-0.998632
-1.84339	-0.968508
-1.85308	-0.938461
-1.86246	-0.908509
-1.87155	-0.87867
-1.88033	-0.84896
-1.88882	-0.819393
-1.89702	-0.789985
-1.90492	-0.760751
-1.91252	-0.731703
-1.91984	-0.702854
-1.92687	-0.674217
-1.93361	-0.645803
-1.94007	-0.617623
-1.94624	-0.589687
-1.95214	-0.562005
-1.95776	-0.534585
-1.96311	-0.507436
-1.96818	-0.480564
-1.97299	-0.453977
-1.97753	-0.427681
-1.9818	-0.401682
-1.98582	-0.375984
-1.98958	-0.350592
-1.99309	-0.32551
-1.99634	-0.300742
-1.99935	-0.276289
-2.00211	-0.252155
-2.00463	-0.228341
-2.00692	-0.204848
-2.00897	-0.181678
-2.01078	-0.158831
-2.01237	-0.136306
-2.01373	-0.114104
-2.01487	-0.0922235
-2.0158	-0.0706638
-2.0165	-0.0494235
-2.017	-0.0285007
-2.01728	-0.00789351
-2.01736	0.0124005
-2.01724	0.0323838
-2.01691	0.0520592
-2.01639	0.0714297
-2.01568	0.0904987
-2.01477	0.10927
-2.01368	0.127746
-2.0124	0.145931
-2.01094	0.16383
-2.00931	0.181446
-2.00749	0.198784
-2.0055	0.215847
-2.00335	0.232641
-2.00102	0.249169
-1.99853	0.265436
-1.99587	0.281448
-1.99306	0.297208
-1.99009	0.312722
-1.98696	0.327994
-1.98368	0.343029
-1.98025	0.357832
-1.97667	0.372407
-1.97295	0.386761
-1.96908	0.400896
-1.96507	0.41482
-1.96092	0.428535
-1.95664	0.442048
-1.95222	0.455363
-1.94766	0.468485
-1.94298	0.481418
-1.93816	0.494168
-1.93322	0.506739
-1.92815	0.519135
-1.92296	0.531362
-1.91765	0.543425
-1.91222	0.555326
-1.90666	0.567072
-1.90099	0.578667
-1.8952	0.590114
-1.8893	0.601419
-1.88329	0.612585
-1.87716	0.623617
-1.87093	0.63452
-1.86458	0.645296
-1.85813	0.655951
-1.85157	0.666489
-1.8449	0.676912
-1.83814	0.687226
-1.83126	0.697433
-1.82429	0.707539
-1.81721	0.717546
-1.81004	0.727458
-1.80276	0.737279
-1.79539	0.747013
-1.78792	0.756662
-1.78035	0.76623
-1.77269	0.775722
-1.76493	0.785139
-1.75708	0.794485
-1.74914	0.803764
-1.7411	0.812979
-1.73297	0.822133
-1.72475	0.831228
-1.71644	0.840268
-1.70803	0.849256
-1.69954	0.858194
-1.69096	0.867087
-1.68229	0.875935
-1.67353	0.884743
-1.66468	0.893512
-1.65575	0.902246
-1.64672	0.910948
-1.63762	0.919618
-1.62842	0.928262
-1.61914	0.936879
-1.60977	0.945475
-1.60031	0.954049
-1.59077	0.962606
-1.58115	0.971147
-1.57143	0.979675
-1.56164	0.988192
-1.55176	0.996699
-1.54179	1.0052
-1.53174	1.0137
-1.5216	1.02219
-1.51138	1.03068
-1.50107	1.03918
-1.49068	1.04768
-1.4802	1.05618
-1.46964	1.0647
-1.45899	1.07322
-1.44826	1.08175
-1.43744	1.0903
-1.42654	1.09886
-1.41555	1.10744
-1.40448	1.11604
-1.39332	1.12465
-1.38207	1.13329
-1.37074	1.14196
-1.35932	1.15065
-1.34781	1.15936
-1.33622	1.16811
-1.32454	1.17688
-1.31277	1.18569
-1.30091	1.19453
-1.28897	1.2034
-1.27693	1.21231
-1.26481	1.22126
-1.2526	1.23024
-1.24029	1.23927
-1.2279	1.24834
-1.21542	1.25745
-1.20284	1.2666
-1.19018	1.2758
-1.17742	1.28504
-1.16457	1.29434
-1.15163	1.30368
-1.13859	1.31307
-1.12546	1.32251
-1.11223	1.332
-1.09891	1.34154
-1.0855	1.35114
-1.07199	1.36079
-1.05838	1.37049
-1.04467	1.38025
-1.03087	1.39007
-1.01697	1.39994
-1.00297	1.40987
-0.988873	1.41986
-0.974674	1.42991
-0.960375	1.44001
-0.945975	1.45017
-0.931474	1.4604
-0.91687	1.47068
-0.902163	1.48102
-0.887353	1.49142
-0.872438	1.50188
-0.85742	1.51239
-0.842296	1.52297
-0.827066	1.53361
-0.81173	1.5443
-0.796287	1.55505
-0.780737	1.56586
-0.765078	1.57672
-0.749311	1.58764
-0.733434	1.59862
-0.717448	1.60964
-0.701352	1.62072
-0.685144	1.63186
-0.668826	1.64304
-0.652396	1.65426
-0.635853	1.66554
-0.619197	1.67686
-0.602429	1.68822
-0.585547	1.69962
-0.56855	1.71106
-0.55144	1.72254
-0.534214	1.73405
-0.516874	1.74558
-0.499418	1.75715
-0.481847	1.76874
-0.464159	1.78035
-0.446356	1.79197
-0.428436	1.80361
-0.4104	1.81526
-0.392247	1.82691
-0.373978	1.83856
-0.355593	1.85021
-0.337091	1.86184
-0.318472	1.87347
-0.299738	1.88507
-0.280887	1.89664
-0.26192	1.90819
-0.242839	1.91969
-0.223642	1.93115
-0.20433	1.94256
-0.184904	1.95391
-0.165365	1.9652
-0.145713	1.97641
-0.125949	1.98754
-0.106074	1.99858
-0.086088	2.00952
-0.0659928	2.02035
-0.0457893	2.03107
-0.0254785	2.04166
-0.0050619	2.05212
0.0154593	2.06243
0.0360836	2.07259
0.0568095	2.08258
0.0776352	2.09239
0.0985591	2.10201
0.119579	2.11143
0.140693	2.12064
0.1619	2.12963
0.183196	2.13838
0.20458	2.14688
0.226049	2.15512
0.2476	2.16308
0.269231	2.17076
0.290938	2.17813
0.31272	2.18519
0.334572	2.19192
0.356491	2.19831
0.378474	2.20434
0.400517	2.21
0.422617	2.21527
0.44477	2.22014
0.466972	2.2246
0.489218	2.22863
0.511504	2.23221
0.533826	2.23534
0.556179	2.23799
0.578559	2.24016
0.600961	2.24182
0.623379	2.24298
0.645809	2.2436
0.668245	2.24368
0.690682	2.24321
0.713114	2.24216
0.735535	2.24054
0.757941	2.23833
0.780324	2.23551
0.802679	2.23208
0.825	2.22802
0.84728	2.22333
0.869513	2.218
0.891693	2.21201
0.913813	2.20535
0.935867	2.19804
0.957847	2.19004
0.979748	2.18137
1.00156	2.17201
1.02328	2.16196
1.0449	2.15121
1.06641	2.13978
1.08781	2.12765
1.10909	2.11482
1.13024	2.10129
1.15125	2.08708
1.17212	2.07217
1.19284	2.05657
1.21341	2.0403
1.23381	2.02334
1.25404	2.00572
1.2741	1.98744
1.29397	1.9685
1.31366	1.94893
1.33315	1.92872
1.35244	1.90789
1.37152	1.88646
1.39038	1.86443
1.40902	1.84183
1.42744	1.81866
1.44563	1.79496
1.46358	1.77072
1.48129	1.74597
1.49875	1.72073
1.51595	1.69502
1.5329	1.66886
1.54959	1.64227
1.56601	1.61527
1.58217	1.58788
1.59805	1.56012
1.61365	1.53202
1.62897	1.5036
1.644	1.47488
1.65875	1.44588
1.67321	1.41663
1.68738	1.38715
1.70125	1.35747
1.71482	1.3276
1.7281	1.29757
1.74107	1.2674
1.75375	1.23712
1.76612	1.20674
1.77819	1.17629
1.78995	1.14579
1.80141	1.11527
1.81256	1.08473
1.82341	1.05421
1.83395	1.02373
1.84419	0.993289
1.85412	0.962922
1.86375	0.932644
1.87308	0.902472
1.8821	0.872422
1.89083	0.842512
1.89925	0.812755
1.90738	0.783168
1.91521	0.753764
1.92275	0.724556
1.92999	0.695558
1.93695	0.666782
1.94362	0.638238
1.95	0.609938
1.9561	0.581891
1.96192	0.554107
1.96746	0.526594
1.97272	0.499361
1.97772	0.472414
1.98244	0.44576
1.9869	0.419405
1.99109	0.393354
1.99503	0.367613
1.9987	0.342185
2.00212	0.317074
2.0053	0.292283
2.00822	0.267815
2.0109	0.243672
2.01333	0.219854
2.01553	0.196364
2.0175	0.173202
2.01923	0.150368
2.02073	0.127863
2.02201	0.105684
2.02307	0.0838319
2.0239	0.0623048
2.02453	0.0411013
2.02494	0.0202192
2.02514	-0.000343649
2.02514	-0.0205897
2.02493	-0.0405218
2.02453	-0.060143
2.02392	-0.0794564
2.02313	-0.0984656
2.02215	-0.117174
2.02097	-0.135586
2.01962	-0.153705
2.01808	-0.171535
2.01637	-0.18908
2.01447	-0.206345
2.01241	-0.223335
2.01018	-0.240053
2.00778	-0.256505
2.00521	-0.272696
2.00249	-0.288629
1.9996	-0.30431
1.99656	-0.319744
1.99336	-0.334935
1.99001	-0.349889
1.98651	-0.364611
1.98286	-0.379105
1.97907	-0.393376
1.97514	-0.40743
1.97107	-0.421271
1.96685	-0.434905
1.9625	-0.448336
1.95802	-0.461569
1.9534	-0.474609
1.94866	-0.487461
1.94378	-0.50013
1.93878	-0.51262
1.93366	-0.524937
1.92841	-0.537084
1.92304	-0.549067
1.91755	-0.56089
1.91194	-0.572558
1.90621	-0.584076
1.90037	-0.595446
1.89442	-0.606675
1.88835	-0.617767
1.88217	-0.628725
1.87588	-0.639554
1.86949	-0.650257
1.86299	-0.66084
1.85638	-0.671306
1.84966	-0.68166
1.84285	-0.691904
1.83593	-0.702043
1.82891	-0.712081
1.82179	-0.722021
1.81457	-0.731868
1.80725	-0.741624
1.79983	-0.751293
1.79232	-0.760879
1.78471	-0.770385
1.77701	-0.779815
1.76921	-0.789172
1.76132	-0.798459
1.75333	-0.80768
1.74526	-0.816837
1.73709	-0.825933
1.72883	-0.834973
1.72048	-0.843958
1.71204	-0.852892
1.70351	-0.861777
1.69489	-0.870617
1.68619	-0.879414
1.67739	-0.888171
1.66851	-0.896891
1.65954	-0.905576
1.65049	-0.914229
1.64134	-0.922853
1.63211	-0.93145
1.6228	-0.940022
1.6134	-0.948573
1.60391	-0.957103
1.59434	-0.965617
1.58469	-0.974116
1.57495	-0.982602
1.56512	-0.991078
1.55521	-0.999546
1.54521	-1.00801
1.53513	-1.01647
1.52497	-1.02492
1.51472	-1.03338
1.50439	-1.04184
1.49397	-1.0503
1.48346	-1.05877
1.47288	-1.06725
1.4622	-1.07574
1.45145	-1.08424
1.4406	-1.09276
1.42968	-1.10129
1.41866	-1.10983
1.40757	-1.1184
1.39638	-1.12699
1.38511	-1.1356
1.37376	-1.14424
1.36231	-1.1529
1.35078	-1.16159
1.33917	-1.17031
1.32747	-1.17906
1.31567	-1.18784
1.3038	-1.19665
1.29183	-1.2055
1.27977	-1.21439
1.26763	-1.22332
1.2554	-1.23228
1.24307	-1.24128
1.23066	-1.25033
1.21816	-1.25942
1.20556	-1.26856
1.19288	-1.27774
1.1801	-1.28696
1.16723	-1.29624
1.15427	-1.30556
1.14121	-1.31493
1.12806	-1.32436
1.11482	-1.33383
1.10148	-1.34336
1.08805	-1.35294
1.07452	-1.36258
1.06089	-1.37227
1.04717	-1.38202
1.03335	-1.39183
1.01943	-1.40169
1.00542	-1.41161
0.9913	-1.42158
0.977084	-1.43162
0.962768	-1.44171
0.948351	-1.45187
0.933832	-1.46208
0.919211	-1.47236
0.904487	-1.48269
0.889661	-1.49308
0.87473	-1.50354
0.859694	-1.51405
0.844554	-1.52462
0.829308	-1.53525
0.813955	-1.54594
0.798496	-1.55669
0.782929	-1.5675
0.767254	-1.57836
0.75147	-1.58928
0.735577	-1.60025
0.719575	-1.61128
0.703462	-1.62236
0.687238	-1.63349
0.670903	-1.64468
0.654457	-1.65591
0.637898	-1.66718
0.621226	-1.67851
0.604441	-1.68987
0.587542	-1.70128
0.570529	-1.71273
0.553402	-1.72421
0.53616	-1.73572
0.518803	-1.74727
0.50133	-1.75884
0.483742	-1.77044
0.466037	-1.78206
0.448217	-1.79369
0.43028	-1.80534
0.412226	-1.817
0.394056	-1.82866
0.37577	-1.84033
0.357367	-1.85199
0.338847	-1.86364
0.32021	-1.87527
0.301458	-1.88689
0.282589	-1.89848
0.263604	-1.91004
0.244503	-1.92156
0.225288	-1.93304
0.205957	-1.94447
0.186513	-1.95584
0.166954	-1.96714
0.147283	-1.97838
0.127499	-1.98953
0.107604	-2.00059
0.087598	-2.01155
0.0674825	-2.02241
0.0472584	-2.03315
0.0269269	-2.04376
0.00648932	-2.05424
-0.0140531	-2.06458
-0.0346989	-2.07476
-0.0554465	-2.08477
-0.0762942	-2.09461
-0.0972403	-2.10426
-0.118283	-2.11371
-0.13942	-2.12295
-0.16065	-2.13196
-0.181969	-2.14074
-0.203377	-2.14927
-0.224869	-2.15754
-0.246445	-2.16553
-0.2681	-2.17324
-0.289832	-2.18064
-0.311639	-2.18773
-0.333516	-2.19449
-0.355461	-2.20091
-0.37747	-2.20697
-0.39954	-2.21265
-0.421666	-2.21796
-0.443846	-2.22286
-0.466074	-2.22734
-0.488348	-2.2314
-0.510662	-2.23501
-0.533012	-2.23817
-0.555394	-2.24085
-0.577802	-2.24304
-0.600232	-2.24474
-0.62268	-2.24591
-0.645139	-2.24656
-0.667605	-2.24667
-0.690071	-2.24622
-0.712533	-2.2452
-0.734985	-2.2436
-0.757421	-2.24141
-0.779836	-2.23861
-0.802222	-2.2352
-0.824574	-2.23116
-0.846885	-2.22649
-0.86915	-2.22117
-0.891362	-2.21519
-0.913514	-2.20855
-0.935599	-2.20125
-0.957612	-2.19326
-0.979544	-2.1846
-1.00139	-2.17524
-1.02314	-2.1652
-1.04479	-2.15446
-1.06634	-2.14303
-1.08777	-2.13089
-1.10908	-2.11806
-1.13026	-2.10454
-1.1513	-2.09031
-1.17221	-2.0754
-1.19296	-2.0598
-1.21356	-2.04351
-1.23399	-2.02654
-1.25426	-2.00891
-1.27435	-1.99061
-1.29426	-1.97165
-1.31397	-1.95205
-1.33349	-1.93182
-1.35281	-1.91097
-1.37192	-1.88951
-1.39082	-1.86746
-1.40949	-1.84483
-1.42794	-1.82163
-1.44615	-1.79789
-1.46413	-1.77361
-1.48187	-1.74883
-1.49936	-1.72355
-1.51659	-1.69781
-1.53357	-1.6716
-1.55029	-1.64497
-1.56674	-1.61792
-1.58292	-1.59049
-1.59882	-1.56269
-1.61445	-1.53454
-1.62979	-1.50607
-1.64485	-1.4773
-1.65963	-1.44825
-1.67411	-1.41895
-1.6883	-1.38942
-1.70219	-1.35968
-1.71579	-1.32976
-1.72909	-1.29968
-1.74208	-1.26946
-1.75478	-1.23912
-1.76717	-1.20869
-1.77926	-1.17819
-1.79104	-1.14764
-1.80252	-1.11706
-1.81369	-1.08647
-1.82455	-1.0559
-1.83511	-1.02536
-1.84536	-0.994868
-1.85531	-0.964449
-1.86496	-0.934119
-1.8743	-0.903896
-1.88334	-0.873795
-1.89207	-0.843834
-1.90051	-0.814028
-1.90865	-0.784392
-1.9165	-0.75494
-1.92405	-0.725685
-1.9313	-0.696641
-1.93827	-0.667819
-1.94495	-0.639231
-1.95134	-0.610887
-1.95745	-0.582798
-1.96328	-0.554972
-1.96883	-0.527418
-1.9741	-0.500145
-1.9791	-0.473159
-1.98383	-0.446468
-1.9883	-0.420076
-1.9925	-0.39399
-1.99644	-0.368214
-2.00012	-0.342753
-2.00355	-0.317609
-2.00673	-0.292787
-2.00965	-0.268289
-2.01234	-0.244116
-2.01478	-0.22027
-2.01698	-0.196753
-2.01895	-0.173565
-2.02068	-0.150706
-2.02219	-0.128176
-2.02347	-0.105974
-2.02453	-0.0840997
-2.02537	-0.0625514
-2.026	-0.0413274
-2.02641	-0.0204259
-2.02662	0.000155443
-2.02661	0.0204192
-2.02641	0.0403681
-2.02601	0.0600052
-2.02541	0.0793338
-2.02461	0.0983573
-2.02363	0.117079
-2.02246	0.135504
-2.0211	0.153635
-2.01957	0.171476
-2.01785	0.189032
-2.01596	0.206307
-2.0139	0.223306
-2.01167	0.240033
-2.00927	0.256493
-2.0067	0.272691
-2.00397	0.288631
-2.00109	0.304318
-1.99804	0.319758
-1.99485	0.334954
-1.9915	0.349913
-1.988	0.364639
-1.98435	0.379136
-1.98056	0.393411
-1.97663	0.407468
-1.97255	0.421311
-1.96834	0.434947
-1.96399	0.448379
-1.95951	0.461613
-1.95489	0.474654
-1.95014	0.487507
-1.94527	0.500176
-1.94027	0.512666
-1.93514	0.524982
-1.92989	0.537128
-1.92452	0.54911
-1.91903	0.560932
-1.91342	0.572598
-1.90769	0.584114
-1.90185	0.595482
-1.8959	0.606709
-1.88983	0.617798
-1.88365	0.628753
-1.87736	0.639578
-1.87097	0.650279
-1.86446	0.660859
-1.85786	0.671321
-1.85114	0.68167
-1.84433	0.691911
-1.83741	0.702046
-1.83039	0.712079
-1.82327	0.722015
-1.81605	0.731857
-1.80873	0.741608
-1.80131	0.751273
-1.7938	0.760854
-1.78619	0.770355
-1.77849	0.77978
-1.77069	0.789131
-1.7628	0.798413
-1.75481	0.807628
-1.74674	0.816779
-1.73857	0.82587
-1.73031	0.834903
-1.72196	0.843883
-1.71352	0.852811
-1.70499	0.86169
-1.69638	0.870524
-1.68767	0.879314
-1.67888	0.888065
-1.67	0.896779
-1.66103	0.905458
-1.65198	0.914104
-1.64283	0.922721
-1.63361	0.931312
-1.62429	0.939878
-1.6149	0.948421
-1.60541	0.956945
-1.59584	0.965452
-1.58619	0.973944
-1.57645	0.982424
-1.56662	0.990893
-1.55671	0.999354
-1.54672	1.00781
-1.53664	1.01626
-1.52648	1.02471
-1.51623	1.03316
-1.5059	1.04161
-1.49549	1.05007
-1.48499	1.05853
-1.4744	1.067
-1.46373	1.07548
-1.45297	1.08398
-1.44214	1.09248
-1.43121	1.10101
-1.4202	1.10955
-1.4091	1.11811
-1.39792	1.12669
-1.38666	1.13529
-1.3753	1.14392
-1.36386	1.15258
-1.35234	1.16126
-1.34073	1.16997
-1.32903	1.17871
-1.31724	1.18748
-1.30536	1.19629
-1.2934	1.20514
-1.28135	1.21401
-1.26921	1.22293
-1.25698	1.23189
-1.24466	1.24089
-1.23225	1.24993
-1.21975	1.25901
-1.20716	1.26813
-1.19448	1.27731
-1.18171	1.28653
-1.16884	1.29579
-1.15589	1.30511
-1.14284	1.31447
-1.12969	1.32389
-1.11645	1.33336
-1.10312	1.34288
-1.08969	1.35246
-1.07616	1.36209
-1.06254	1.37177
-1.04883	1.38151
-1.03501	1.39131
-1.0211	1.40116
-1.00709	1.41108
-0.992975	1.42105
-0.978765	1.43108
-0.964454	1.44116
-0.950042	1.45131
-0.935529	1.46152
-0.920914	1.47179
-0.906196	1.48211
-0.891375	1.4925
-0.87645	1.50295
-0.861421	1.51345
-0.846286	1.52402
-0.831046	1.53464
-0.8157	1.54533
-0.800246	1.55607
-0.784686	1.56687
-0.769017	1.57773
-0.753239	1.58864
-0.737353	1.59961
-0.721357	1.61064
-0.705251	1.62171
-0.689033	1.63284
-0.672705	1.64402
-0.656265	1.65525
-0.639712	1.66652
-0.623047	1.67784
-0.606269	1.6892
-0.589377	1.70061
-0.572371	1.71205
-0.55525	1.72353
-0.538015	1.73504
-0.520665	1.74659
-0.503199	1.75816
-0.485617	1.76976
-0.46792	1.78137
-0.450106	1.79301
-0.432176	1.80466
-0.414129	1.81632
-0.395966	1.82798
-0.377686	1.83965
-0.35929	1.85131
-0.340776	1.86297
-0.322147	1.87461
-0.303401	1.88623
-0.284538	1.89783
-0.26556	1.9094
-0.246466	1.92092
-0.227257	1.93241
-0.207933	1.94385
-0.188494	1.95522
-0.168942	1.96654
-0.149277	1.97778
-0.129499	1.98894
-0.109609	2.00001
-0.0896093	2.01099
-0.0694994	2.02186
-0.0492808	2.03262
-0.0289546	2.04325
-0.00852218	2.05374
0.0120153	2.0641
0.0326562	2.0743
0.0533992	2.08433
0.0742425	2.09419
0.0951844	2.10386
0.116223	2.11333
0.137356	2.12259
0.158582	2.13163
0.179898	2.14044
0.201303	2.14899
0.222793	2.15729
0.244366	2.16531
0.266019	2.17305
0.287749	2.18048
0.309554	2.18761
0.33143	2.1944
0.353374	2.20085
0.375383	2.20695
0.397452	2.21268
0.419579	2.21802
0.441759	2.22296
0.463989	2.22749
0.486264	2.23159
0.508579	2.23524
0.530932	2.23844
0.553316	2.24117
0.575728	2.24341
0.598162	2.24516
0.620614	2.24638
0.643078	2.24708
0.665548	2.24724
0.688021	2.24684
0.710489	2.24588
0.732948	2.24434
0.755391	2.2422
0.777813	2.23946
0.800208	2.23611
0.822569	2.23212
0.84489	2.22751
0.867165	2.22225
0.889388	2.21633
0.911551	2.20975
0.933649	2.2025
0.955674	2.19458
0.97762	2.18598
0.999479	2.17668
1.02125	2.1667
1.04291	2.15602
1.06447	2.14465
1.08592	2.13258
1.10725	2.11981
1.12844	2.10634
1.14951	2.09217
1.17043	2.07732
1.1912	2.06177
1.21182	2.04554
1.23228	2.02863
1.25256	2.01105
1.27267	1.9928
1.2926	1.9739
1.31234	1.95435
1.33188	1.93417
1.35122	1.91337
1.37036	1.89196
1.38928	1.86995
1.40798	1.84736
1.42645	1.82421
1.44469	1.8005
1.4627	1.77627
1.48046	1.75152
1.49798	1.72628
1.51524	1.70056
1.53224	1.67439
1.54899	1.64779
1.56547	1.62077
1.58167	1.59336
1.59761	1.56558
1.61326	1.53745
1.62864	1.509
1.64373	1.48024
1.65853	1.45121
1.67304	1.42192
1.68726	1.3924
1.70118	1.36267
1.71481	1.33275
1.72814	1.30267
1.74117	1.27245
1.75389	1.24212
1.76631	1.21168
1.77843	1.18118
1.79024	1.15062
1.80175	1.12003
1.81295	1.08943
1.82384	1.05885
1.83443	1.02829
1.84471	0.997789
1.85469	0.967353
1.86436	0.937005
1.87373	0.906762
1.8828	0.876641
1.89157	0.846658
1.90003	0.816829
1.9082	0.787168
1.91607	0.757691
1.92365	0.72841
1.93094	0.699338
1.93793	0.670488
1.94463	0.641871
1.95105	0.613498
1.95719	0.585378
1.96304	0.557521
1.96862	0.529936
1.97392	0.502631
1.97894	0.475613
1.9837	0.448888
1.98819	0.422464
1.99241	0.396345
1.99638	0.370535
2.00008	0.34504
2.00353	0.319863
2.00673	0.295008
2.00968	0.270475
2.01238	0.246269
2.01485	0.22239
2.01707	0.198839
2.01906	0.175618
2.02082	0.152726
2.02234	0.130163
2.02364	0.107928
2.02472	0.0860217
2.02558	0.0644413
2.02623	0.0431857
2.02666	0.0222528
2.02688	0.00164046
2.0269	-0.0186539
2.02671	-0.0386329
2.02633	-0.0582998
2.02574	-0.0776577
2.02497	-0.09671
2.024	-0.11546
2.02285	-0.133913
2.02151	-0.152071
2.01999	-0.169939
2.01829	-0.187522
2.01641	-0.204823
2.01436	-0.221847
2.01214	-0.238599
2.00976	-0.255083
2.00721	-0.271305
2.00449	-0.287268
2.00162	-0.302978
1.99859	-0.31844
1.99541	-0.333658
1.99207	-0.348638
1.98858	-0.363384
1.98495	-0.377902
1.98117	-0.392196
1.97725	-0.406272
1.97319	-0.420134
1.96899	-0.433788
1.96465	-0.447238
1.96018	-0.460489
1.95557	-0.473547
1.95083	-0.486416
1.94597	-0.4991
1.94098	-0.511605
1.93586	-0.523936
1.93062	-0.536097
1.92526	-0.548093
1.91978	-0.559928
1.91418	-0.571607
1.90847	-0.583135
1.90264	-0.594516
1.89669	-0.605754
