1.01	0.99
1.0199	0.979721
1.0297	0.969167
1.03939	0.958345
1.04897	0.947258
1.05844	0.935913
1.0678	0.924315
1.07705	0.912471
1.08617	0.900386
1.09518	0.888067
1.10406	0.875522
1.11281	0.862756
1.12144	0.849777
1.12994	0.836593
1.1383	0.823209
1.14654	0.809635
1.15463	0.795878
1.16259	0.781945
1.17041	0.767845
1.17809	0.753585
1.18562	0.739173
1.19302	0.724618
1.20026	0.709927
1.20736	0.695109
1.21431	0.680172
1.22111	0.665124
1.22777	0.649973
1.23426	0.634727
1.24061	0.619395
1.24681	0.603983
1.25285	0.588501
1.25873	0.572955
1.26446	0.557354
1.27003	0.541706
1.27545	0.526017
1.28071	0.510295
1.28581	0.494548
1.29076	0.478782
1.29555	0.463004
1.30018	0.447221
1.30465	0.431441
1.30896	0.415668
1.31312	0.399909
1.31712	0.384171
1.32096	0.36846
1.32465	0.35278
1.32817	0.337137
1.33155	0.321537
1.33476	0.305985
1.33782	0.290485
1.34073	0.275042
1.34348	0.25966
1.34607	0.244344
1.34852	0.229098
1.35081	0.213925
1.35295	0.198829
1.35493	0.183814
1.35677	0.168882
1.35846	0.154036
1.36	0.139279
1.36139	0.124614
1.36264	0.110043
1.36374	0.0955684
1.3647	0.0811915
1.36551	0.0669143
1.36618	0.0527385
1.36671	0.0386655
1.36709	0.0246964
1.36734	0.0108324
1.36745	-0.00292579
1.36742	-0.0165774
1.36725	-0.0301218
1.36695	-0.0435586
1.36652	-0.0568876
1.36595	-0.0701087
1.36525	-0.0832218
1.36441	-0.0962272
1.36345	-0.109125
1.36236	-0.121916
1.36114	-0.1346
1.35979	-0.147179
1.35832	-0.159652
1.35673	-0.172021
1.35501	-0.184287
1.35316	-0.19645
1.3512	-0.208513
1.34911	-0.220475
1.34691	-0.232339
1.34459	-0.244105
1.34214	-0.255776
1.33959	-0.267353
1.33691	-0.278837
1.33412	-0.29023
1.33122	-0.301535
1.32821	-0.312751
1.32508	-0.323883
1.32184	-0.33493
1.31849	-0.345896
1.31503	-0.356782
1.31146	-0.367591
1.30779	-0.378324
1.30401	-0.388983
1.30012	-0.399571
1.29612	-0.41009
1.29202	-0.420541
1.28781	-0.430928
1.2835	-0.441253
1.27909	-0.451517
1.27458	-0.461723
1.26996	-0.471873
1.26524	-0.48197
1.26042	-0.492017
1.2555	-0.502014
1.25048	-0.511965
1.24536	-0.521873
1.24014	-0.531739
1.23482	-0.541566
1.22941	-0.551356
1.2239	-0.561112
1.21828	-0.570837
1.21258	-0.580532
1.20677	-0.5902
1.20087	-0.599844
1.19487	-0.609466
1.18878	-0.619069
1.18259	-0.628655
1.1763	-0.638226
1.16992	-0.647785
1.16344	-0.657334
1.15687	-0.666877
1.1502	-0.676415
1.14343	-0.685951
1.13657	-0.695487
1.12962	-0.705026
1.12257	-0.714571
1.11542	-0.724124
1.10818	-0.733687
1.10084	-0.743262
1.09341	-0.752854
1.08588	-0.762463
1.07826	-0.772092
1.07054	-0.781745
1.06272	-0.791423
1.05481	-0.801128
1.04679	-0.810864
1.03869	-0.820633
1.03048	-0.830438
1.02217	-0.84028
1.01377	-0.850163
1.00527	-0.860088
0.996669	-0.870059
0.987969	-0.880078
0.979168	-0.890147
0.970266	-0.900269
0.961264	-0.910446
0.952159	-0.920681
0.942953	-0.930977
0.933643	-0.941335
0.924229	-0.951759
0.914712	-0.96225
0.905089	-0.972811
0.895361	-0.983445
0.885527	-0.994154
0.875585	-1.00494
0.865536	-1.01581
0.855378	-1.02676
0.84511	-1.03779
0.834732	-1.04891
0.824243	-1.06012
0.813642	-1.07142
0.802928	-1.08282
0.7921	-1.09431
0.781157	-1.1059
0.770098	-1.11759
0.758922	-1.12938
0.747628	-1.14128
0.736215	-1.15329
0.724682	-1.16541
0.713028	-1.17763
0.701252	-1.18997
0.689352	-1.20243
0.677328	-1.215
0.665178	-1.22769
0.652901	-1.24051
0.640496	-1.25344
0.627961	-1.2665
0.615296	-1.27968
0.602499	-1.29299
0.58957	-1.30643
0.576505	-1.32
0.563305	-1.33369
0.549968	-1.34752
0.536493	-1.36148
0.522878	-1.37557
0.509123	-1.38979
0.495225	-1.40415
0.481183	-1.41864
0.466997	-1.43327
0.452664	-1.44802
0.438184	-1.46291
0.423555	-1.47793
0.408776	-1.49308
0.393845	-1.50836
0.378761	-1.52377
0.363523	-1.5393
0.34813	-1.55496
0.332581	-1.57074
0.316873	-1.58664
0.301007	-1.60265
0.28498	-1.61878
0.268793	-1.63502
0.252442	-1.65136
0.235929	-1.6678
0.219251	-1.68433
0.202408	-1.70095
0.185398	-1.71766
0.168221	-1.73444
0.150877	-1.75129
0.133364	-1.7682
0.115682	-1.78517
0.0978305	-1.80218
0.0798087	-1.81922
0.0616165	-1.83628
0.0432537	-1.85336
0.0247201	-1.87045
0.00601559	-1.88752
-0.0128596	-1.90456
-0.0319052	-1.92157
-0.051121	-1.93853
-0.0705063	-1.95542
-0.0900605	-1.97223
-0.109783	-1.98893
-0.129672	-2.00552
-0.149727	-2.02197
-0.169947	-2.03826
-0.19033	-2.05438
-0.210873	-2.07029
-0.231576	-2.08599
-0.252436	-2.10144
-0.273451	-2.11662
-0.294617	-2.13151
-0.315932	-2.14609
-0.337393	-2.16031
-0.358996	-2.17417
-0.380738	-2.18763
-0.402614	-2.20065
-0.42462	-2.21322
-0.446753	-2.2253
-0.469006	-2.23687
-0.491374	-2.24788
-0.513853	-2.25831
-0.536436	-2.26813
-0.559118	-2.27731
-0.581891	-2.2858
-0.604749	-2.29359
-0.627685	-2.30064
-0.650691	-2.30691
-0.67376	-2.31237
-0.696884	-2.317
-0.720054	-2.32076
-0.743261	-2.32361
-0.766497	-2.32554
-0.789753	-2.32651
-0.813018	-2.32649
-0.836283	-2.32546
-0.859537	-2.32339
-0.882771	-2.32025
-0.905974	-2.31603
-0.929134	-2.31071
-0.952241	-2.30426
-0.975284	-2.29667
-0.998251	-2.28793
-1.02113	-2.27802
-1.04391	-2.26693
-1.06658	-2.25466
-1.08913	-2.2412
-1.11154	-2.22656
-1.1338	-2.21072
-1.15591	-2.1937
-1.17785	-2.17551
-1.1996	-2.15615
-1.22116	-2.13563
-1.24252	-2.11398
-1.26366	-2.0912
-1.28457	-2.06733
-1.30525	-2.04239
-1.32567	-2.01641
-1.34583	-1.9894
-1.36573	-1.96142
-1.38534	-1.93249
-1.40467	-1.90265
-1.42369	-1.87194
-1.44241	-1.8404
-1.46082	-1.80808
-1.4789	-1.77502
-1.49665	-1.74126
-1.51406	-1.70687
-1.53113	-1.67187
-1.54785	-1.63633
-1.56421	-1.6003
-1.58021	-1.56382
-1.59585	-1.52695
-1.61112	-1.48973
-1.62602	-1.45223
-1.64054	-1.41448
-1.65469	-1.37654
-1.66845	-1.33846
-1.68184	-1.30029
-1.69484	-1.26207
-1.70746	-1.22386
-1.7197	-1.18568
-1.73156	-1.1476
-1.74303	-1.10965
-1.75413	-1.07186
-1.76485	-1.03428
-1.77519	-0.99695
-1.78516	-0.959896
-1.79476	-0.923152
-1.80399	-0.886751
-1.81286	-0.850719
-1.82136	-0.815084
-1.82951	-0.779871
-1.83731	-0.745102
-1.84476	-0.710797
-1.85187	-0.676976
-1.85864	-0.643656
-1.86508	-0.61085
-1.87119	-0.578573
-1.87697	-0.546837
-1.88244	-0.51565
-1.8876	-0.485021
-1.89245	-0.454957
-1.897	-0.425463
-1.90125	-0.396542
-1.90522	-0.368198
-1.9089	-0.340431
-1.9123	-0.313242
-1.91544	-0.286628
-1.9183	-0.260589
-1.92091	-0.235121
-1.92326	-0.21022
-1.92536	-0.185881
-1.92722	-0.162099
-1.92884	-0.138867
-1.93023	-0.116178
-1.93139	-0.0940258
-1.93233	-0.0724015
-1.93306	-0.0512967
-1.93357	-0.0307027
-1.93388	-0.0106102
-1.93398	0.00899018
-1.93389	0.0281083
-1.93361	0.0467541
-1.93314	0.0649377
-1.93249	0.0826695
-1.93167	0.0999599
-1.93067	0.116819
-1.9295	0.133258
-1.92817	0.149288
-1.92667	0.164918
-1.92503	0.180159
-1.92322	0.195022
-1.92127	0.209517
-1.91918	0.223655
-1.91694	0.237446
-1.91457	0.2509
-1.91206	0.264026
-1.90942	0.276836
-1.90665	0.289338
-1.90376	0.301542
-1.90074	0.313457
-1.89761	0.325094
-1.89436	0.33646
-1.89099	0.347565
-1.88752	0.358417
-1.88393	0.369026
-1.88024	0.379398
-1.87645	0.389544
-1.87255	0.39947
-1.86856	0.409184
-1.86446	0.418694
-1.86028	0.428008
-1.856	0.437132
-1.85163	0.446074
-1.84717	0.454841
-1.84262	0.463438
-1.83798	0.471874
-1.83326	0.480154
-1.82846	0.488285
-1.82358	0.496272
-1.81862	0.504121
-1.81358	0.511838
-1.80846	0.51943
-1.80326	0.5269
-1.79799	0.534254
-1.79265	0.541498
-1.78724	0.548637
-1.78175	0.555675
-1.77619	0.562617
-1.77057	0.569468
-1.76487	0.576231
-1.75911	0.582913
-1.75328	0.589516
-1.74739	0.596045
-1.74143	0.602504
-1.7354	0.608896
-1.72931	0.615226
-1.72316	0.621498
-1.71694	0.627714
-1.71067	0.633879
-1.70433	0.639996
-1.69793	0.646068
-1.69147	0.652099
-1.68495	0.658091
-1.67837	0.664048
-1.67173	0.669973
-1.66503	0.675869
-1.65827	0.681739
-1.65145	0.687585
-1.64457	0.69341
-1.63764	0.699218
-1.63065	0.705011
-1.6236	0.710791
-1.61649	0.71656
-1.60932	0.722323
-1.6021	0.72808
-1.59482	0.733835
-1.58748	0.739589
-1.58009	0.745346
-1.57263	0.751107
-1.56512	0.756875
-1.55755	0.762651
-1.54993	0.768439
-1.54224	0.77424
-1.5345	0.780057
-1.5267	0.785891
-1.51884	0.791746
-1.51092	0.797622
-1.50295	0.803522
-1.49491	0.809447
-1.48682	0.815401
-1.47866	0.821385
-1.47045	0.827401
-1.46217	0.833451
-1.45384	0.839537
-1.44544	0.845661
-1.43699	0.851824
-1.42847	0.85803
-1.41989	0.86428
-1.41125	0.870575
-1.40254	0.876918
-1.39377	0.88331
-1.38494	0.889755
-1.37604	0.896252
-1.36708	0.902806
-1.35805	0.909416
-1.34896	0.916087
-1.3398	0.922818
-1.33057	0.929613
-1.32127	0.936473
-1.31191	0.9434
-1.30247	0.950397
-1.29297	0.957464
-1.28339	0.964605
-1.27375	0.971821
-1.26403	0.979115
-1.25424	0.986488
-1.24437	0.993942
-1.23443	1.00148
-1.22442	1.0091
-1.21433	1.01681
-1.20416	1.02461
-1.19391	1.0325
-1.18359	1.04049
-1.17318	1.04857
-1.1627	1.05675
-1.15213	1.06503
-1.14148	1.07342
-1.13075	1.0819
-1.11993	1.0905
-1.10902	1.0992
-1.09803	1.10802
-1.08695	1.11695
-1.07578	1.12599
-1.06452	1.13516
-1.05317	1.14444
-1.04172	1.15385
-1.03019	1.16338
-1.01855	1.17304
-1.00682	1.18283
-0.994994	1.19275
-0.983066	1.20281
-0.971038	1.213
-0.958908	1.22334
-0.946675	1.23381
-0.934336	1.24443
-0.921892	1.2552
-0.90934	1.26611
-0.896679	1.27718
-0.883907	1.2884
-0.871023	1.29977
-0.858026	1.31131
-0.844912	1.323
-0.831682	1.33486
-0.818334	1.34688
-0.804865	1.35907
-0.791274	1.37142
-0.77756	1.38395
-0.763721	1.39665
-0.749754	1.40953
-0.735659	1.42258
-0.721433	1.43581
-0.707075	1.44922
-0.692583	1.46281
-0.677955	1.47659
-0.663189	1.49055
-0.648283	1.5047
-0.633236	1.51903
-0.618046	1.53355
-0.602711	1.54826
-0.587228	1.56316
-0.571596	1.57825
-0.555814	1.59353
-0.539879	1.609
-0.523789	1.62466
-0.507542	1.64051
-0.491137	1.65654
-0.474572	1.67277
-0.457844	1.68918
-0.440952	1.70577
-0.423894	1.72255
-0.406669	1.7395
-0.389274	1.75664
-0.371708	1.77394
-0.353968	1.79142
-0.336054	1.80906
-0.317963	1.82687
-0.299695	1.84483
-0.281246	1.86293
-0.262617	1.88119
-0.243805	1.89958
-0.224809	1.91809
-0.205629	1.93673
-0.186261	1.95548
-0.166706	1.97433
-0.146963	1.99328
-0.12703	2.0123
-0.106907	2.03139
-0.0865934	2.05053
-0.0660881	2.06971
-0.045391	2.08892
-0.0245018	2.10813
-0.00342051	2.12734
0.0178529	2.14652
0.0393181	2.16565
0.0609746	2.18472
0.0828219	2.2037
0.104859	2.22257
0.127085	2.24131
0.149498	2.25988
0.172096	2.27827
0.194879	2.29645
0.217844	2.31438
0.240987	2.33204
0.264308	2.3494
0.287802	2.36643
0.311466	2.38308
0.335297	2.39934
0.35929	2.41515
0.383442	2.43049
0.407747	2.44531
0.4322	2.45958
0.456796	2.47326
0.481528	2.48631
0.506391	2.49868
0.531378	2.51034
0.556481	2.52124
0.581694	2.53134
0.607007	2.54059
0.632413	2.54896
0.657903	2.55641
0.683467	2.56288
0.709096	2.56833
0.734779	2.57273
0.760506	2.57604
0.786267	2.57821
0.812049	2.57921
0.837841	2.57899
0.863631	2.57753
0.889406	2.57479
0.915154	2.57074
0.940861	2.56534
0.966515	2.55859
0.9921	2.55044
1.0176	2.54088
1.04301	2.52989
1.06831	2.51746
1.09349	2.50357
1.11852	2.48823
1.14341	2.47142
1.16812	2.45315
1.19265	2.43342
1.21699	2.41224
1.24111	2.38963
1.265	2.3656
1.28866	2.34017
1.31206	2.31337
1.3352	2.28523
1.35805	2.25577
1.38061	2.22505
1.40286	2.1931
1.42479	2.15997
1.44639	2.1257
1.46764	2.09034
1.48855	2.05395
1.50909	2.01659
1.52925	1.97832
1.54904	1.93919
1.56843	1.89928
1.58742	1.85864
1.60601	1.81734
1.62418	1.77545
1.64193	1.73303
1.65926	1.69016
1.67617	1.6469
1.69264	1.60332
1.70867	1.55948
1.72426	1.51545
1.73942	1.4713
1.75413	1.42708
1.7684	1.38287
1.78223	1.33871
1.79562	1.29466
1.80856	1.25079
1.82107	1.20714
1.83314	1.16376
1.84478	1.12071
1.85599	1.07802
1.86677	1.03574
1.87713	0.993914
1.88707	0.952568
1.89659	0.911742
1.90571	0.871465
1.91442	0.831767
1.92274	0.792673
1.93067	0.754205
1.93821	0.716385
1.94537	0.679229
1.95217	0.642754
1.95859	0.606972
1.96466	0.571893
1.97038	0.537526
1.97576	0.503878
1.9808	0.470953
1.98551	0.438753
1.98989	0.40728
1.99397	0.376532
1.99773	0.346508
2.0012	0.317203
2.00437	0.288613
2.00725	0.260731
2.00986	0.233551
2.0122	0.207063
2.01427	0.181259
2.01608	0.156129
2.01764	0.131662
2.01896	0.107847
2.02004	0.0846716
2.02088	0.0621237
2.0215	0.0401906
2.02191	0.0188591
2.02209	-0.00188408
2.02208	-0.0220527
2.02186	-0.0416604
2.02144	-0.0607211
2.02083	-0.0792489
2.02004	-0.0972578
2.01907	-0.114762
2.01792	-0.131775
2.0166	-0.148311
2.01512	-0.164383
2.01347	-0.180006
2.01167	-0.195193
2.00972	-0.209957
2.00762	-0.224312
2.00538	-0.23827
2.003	-0.251845
2.00048	-0.265048
1.99783	-0.277891
1.99505	-0.290388
1.99215	-0.30255
1.98912	-0.314388
1.98598	-0.325914
1.98272	-0.337138
1.97935	-0.348071
1.97586	-0.358724
1.97228	-0.369107
1.96859	-0.37923
1.96479	-0.389102
1.9609	-0.398733
1.95692	-0.408132
1.95283	-0.417308
1.94866	-0.426269
1.9444	-0.435024
1.94005	-0.443581
1.93561	-0.451948
1.93109	-0.460132
1.92649	-0.468141
1.92181	-0.475982
1.91705	-0.483662
1.91221	-0.491188
1.9073	-0.498567
1.90232	-0.505804
1.89726	-0.512905
1.89213	-0.519878
1.88693	-0.526727
1.88166	-0.533458
1.87633	-0.540077
1.87093	-0.546588
1.86546	-0.552997
1.85993	-0.559309
1.85434	-0.565529
1.84868	-0.57166
1.84297	-0.577709
1.83719	-0.583678
1.83135	-0.589572
1.82546	-0.595396
1.8195	-0.601153
1.81349	-0.606847
1.80742	-0.612481
1.8013	-0.61806
1.79512	-0.623587
1.78888	-0.629065
1.78259	-0.634498
1.77625	-0.639889
1.76985	-0.64524
1.7634	-0.650556
1.75689	-0.655838
1.75033	-0.66109
1.74372	-0.666315
1.73706	-0.671516
1.73034	-0.676694
1.72358	-0.681853
1.71676	-0.686995
1.70989	-0.692123
1.70297	-0.697239
1.69599	-0.702345
1.68897	-0.707444
1.6819	-0.712538
1.67477	-0.717629
1.66759	-0.72272
1.66037	-0.727812
1.65309	-0.732908
1.64576	-0.73801
1.63838	-0.74312
1.63095	-0.748239
1.62347	-0.75337
1.61593	-0.758514
1.60835	-0.763674
1.60071	-0.768851
1.59302	-0.774048
1.58528	-0.779266
1.57749	-0.784507
1.56964	-0.789772
1.56175	-0.795064
1.55379	-0.800384
1.54579	-0.805735
1.53773	-0.811117
1.52962	-0.816532
1.52146	-0.821983
1.51324	-0.827471
1.50496	-0.832997
1.49663	-0.838563
1.48825	-0.844172
1.47981	-0.849824
1.47131	-0.855522
1.46275	-0.861267
1.45414	-0.867061
1.44547	-0.872905
1.43674	-0.878801
1.42795	-0.884752
1.4191	-0.890757
1.4102	-0.896821
1.40123	-0.902943
1.3922	-0.909126
1.38311	-0.915371
1.37395	-0.921681
1.36474	-0.928056
1.35546	-0.934499
1.34611	-0.941012
1.3367	-0.947596
1.32723	-0.954253
1.31768	-0.960985
1.30807	-0.967794
1.29839	-0.974682
1.28865	-0.981649
1.27883	-0.988699
1.26894	-0.995834
1.25899	-1.00305
1.24896	-1.01036
1.23885	-1.01776
1.22867	-1.02525
1.21842	-1.03284
1.20809	-1.04052
1.19769	-1.04829
1.18721	-1.05617
1.17664	-1.06415
1.166	-1.07223
1.15528	-1.08043
1.14448	-1.08872
1.13359	-1.09713
1.12262	-1.10565
1.11156	-1.11429
1.10042	-1.12304
1.08919	-1.13192
1.07787	-1.14091
1.06646	-1.15003
1.05496	-1.15927
1.04337	-1.16864
1.03168	-1.17814
1.0199	-1.18778
1.00802	-1.19755
0.996045	-1.20745
0.983971	-1.2175
0.971796	-1.22769
0.959519	-1.23802
0.947138	-1.2485
0.934653	-1.25913
0.922062	-1.26991
0.909363	-1.28084
0.896555	-1.29193
0.883635	-1.30317
0.870604	-1.31458
0.857458	-1.32615
0.844196	-1.33789
0.830818	-1.34979
0.81732	-1.36186
0.803701	-1.3741
0.78996	-1.38652
0.776095	-1.39911
0.762104	-1.41188
0.747985	-1.42482
0.733737	-1.43795
0.719357	-1.45126
0.704845	-1.46476
0.690197	-1.47844
0.675413	-1.49231
0.66049	-1.50637
0.645426	-1.52062
0.63022	-1.53506
0.614869	-1.54969
0.599372	-1.56451
0.583727	-1.57953
0.567932	-1.59473
0.551985	-1.61014
0.535883	-1.62573
0.519626	-1.64152
0.503211	-1.6575
0.486636	-1.67367
0.469899	-1.69004
0.452998	-1.70659
0.435933	-1.72333
0.418699	-1.74025
0.401297	-1.75735
0.383723	-1.77463
0.365977	-1.79209
0.348056	-1.80972
0.329959	-1.82751
0.311684	-1.84547
0.293229	-1.86358
0.274593	-1.88184
0.255775	-1.90025
0.236772	-1.91879
0.217584	-1.93746
0.19821	-1.95625
0.178647	-1.97514
0.158896	-1.99414
0.138955	-2.01322
0.118822	-2.03238
0.0984985	-2.0516
0.0779825	-2.07087
0.0572737	-2.09018
0.036372	-2.1095
0.015277	-2.12882
-0.00601127	-2.14813
-0.0274926	-2.1674
-0.0491666	-2.18662
-0.0710328	-2.20576
-0.0930905	-2.2248
-0.115338	-2.24372
-0.137776	-2.26249
-0.160401	-2.28109
-0.183212	-2.29949
-0.206206	-2.31766
-0.229383	-2.33557
-0.252739	-2.35319
-0.276271	-2.37049
-0.299975	-2.38743
-0.32385	-2.40398
-0.34789	-2.42011
-0.372091	-2.43578
-0.396448	-2.45094
-0.420958	-2.46557
-0.445614	-2.47962
-0.47041	-2.49305
-0.49534	-2.50582
-0.520398	-2.51788
-0.545577	-2.5292
-0.570869	-2.53973
-0.596267	-2.54943
-0.621761	-2.55826
-0.647343	-2.56616
-0.673005	-2.57311
-0.698736	-2.57905
-0.724527	-2.58394
-0.750366	-2.58774
-0.776243	-2.59041
-0.802147	-2.59192
-0.828067	-2.59221
-0.853989	-2.59126
-0.879901	-2.58904
-0.905792	-2.5855
-0.931647	-2.58062
-0.957453	-2.57437
-0.983197	-2.56672
-1.00886	-2.55766
-1.03444	-2.54716
-1.05991	-2.53521
-1.08526	-2.5218
-1.11048	-2.50691
-1.13555	-2.49054
-1.16046	-2.4727
-1.18518	-2.45338
-1.20972	-2.43259
-1.23404	-2.41035
-1.25815	-2.38667
-1.28201	-2.36157
-1.30563	-2.33507
-1.32898	-2.3072
-1.35205	-2.278
-1.37483	-2.2475
-1.39731	-2.21575
-1.41946	-2.18278
-1.44129	-2.14865
-1.46278	-2.11341
-1.48391	-2.0771
-1.50468	-2.03979
-1.52508	-2.00154
-1.5451	-1.9624
-1.56472	-1.92245
-1.58395	-1.88174
-1.60276	-1.84035
-1.62117	-1.79834
-1.63915	-1.75577
-1.65671	-1.71273
-1.67384	-1.66927
-1.69053	-1.62546
-1.70678	-1.58137
-1.7226	-1.53708
-1.73797	-1.49264
-1.75289	-1.44811
-1.76737	-1.40357
-1.78141	-1.35907
-1.795	-1.31467
-1.80815	-1.27043
-1.82085	-1.2264
-1.83312	-1.18264
-1.84494	-1.13918
-1.85633	-1.09609
-1.8673	-1.0534
-1.87783	-1.01115
-1.88794	-0.96938
-1.89763	-0.928128
-1.90692	-0.887425
-1.91579	-0.8473
-1.92426	-0.807779
-1.93234	-0.768888
-1.94003	-0.730645
-1.94734	-0.693071
-1.95427	-0.656182
-1.96083	-0.61999
-1.96703	-0.584508
-1.97287	-0.549744
-1.97837	-0.515705
-1.98353	-0.482397
-1.98835	-0.449822
-1.99285	-0.417981
-1.99703	-0.386875
-2.0009	-0.3565
-2.00446	-0.326854
-2.00773	-0.297932
-2.01071	-0.269727
-2.01341	-0.242233
-2.01583	-0.215441
-2.01799	-0.189343
-2.01988	-0.163928
-2.02152	-0.139185
-2.02291	-0.115103
-2.02406	-0.091671
-2.02498	-0.0688754
-2.02567	-0.0467036
-2.02613	-0.0251425
-2.02639	-0.00417853
-2.02643	0.0162021
-2.02626	0.0360134
-2.0259	0.0552694
-2.02535	0.0739843
-2.02461	0.0921723
-2.02369	0.109848
-2.02259	0.127024
-2.02132	0.143717
-2.01988	0.159939
-2.01829	0.175704
-2.01653	0.191027
-2.01462	0.20592
-2.01256	0.220398
-2.01035	0.234473
-2.00801	0.248158
-2.00553	0.261466
-2.00291	0.27441
-2.00017	0.287001
-1.9973	0.299252
-1.99431	0.311174
-1.9912	0.322779
-1.98797	0.334078
-1.98463	0.345082
-1.98118	0.355801
-1.97762	0.366246
-1.97396	0.376427
-1.97019	0.386354
-1.96633	0.396036
-1.96237	0.405482
-1.95831	0.414702
-1.95417	0.423704
-1.94993	0.432497
-1.9456	0.441089
-1.94119	0.449487
-1.9367	0.457701
-1.93212	0.465736
-1.92746	0.473601
-1.92273	0.481303
-1.91791	0.488848
-1.91303	0.496243
-1.90806	0.503495
-1.90303	0.510609
-1.89792	0.517593
-1.89275	0.52445
-1.8875	0.531188
-1.88219	0.537812
-1.87681	0.544327
-1.87137	0.550738
-1.86586	0.55705
-1.86029	0.563268
-1.85466	0.569396
-1.84896	0.57544
-1.84321	0.581404
-1.8374	0.587291
-1.83152	0.593106
-1.82559	0.598853
-1.8196	0.604536
-1.81356	0.610159
-1.80746	0.615725
-1.8013	0.621237
-1.79509	0.6267
-1.78882	0.632116
-1.7825	0.637489
-1.77612	0.642822
-1.7697	0.648118
-1.76321	0.65338
-1.75668	0.658611
-1.75009	0.663813
-1.74346	0.66899
-1.73677	0.674144
-1.73002	0.679278
-1.72323	0.684394
-1.71639	0.689495
-1.70949	0.694583
-1.70255	0.699661
-1.69555	0.704731
-1.6885	0.709794
-1.68141	0.714855
-1.67426	0.719914
-1.66706	0.724973
-1.65981	0.730036
-1.65251	0.735103
-1.64516	0.740177
-1.63775	0.745261
-1.6303	0.750355
-1.6228	0.755462
-1.61524	0.760584
-1.60764	0.765722
-1.59998	0.770879
-1.59227	0.776056
-1.58451	0.781255
-1.5767	0.786478
-1.56883	0.791727
-1.56092	0.797003
-1.55295	0.802309
-1.54492	0.807645
-1.53685	0.813014
-1.52872	0.818417
-1.52053	0.823856
-1.51229	0.829333
-1.504	0.83485
-1.49565	0.840408
-1.48725	0.846008
-1.47879	0.851653
-1.47027	0.857344
-1.4617	0.863083
-1.45307	0.868871
-1.44438	0.874711
-1.43563	0.880604
-1.42683	0.886551
-1.41796	0.892554
-1.40903	0.898616
-1.40005	0.904737
-1.391	0.910919
-1.38189	0.917165
-1.37272	0.923475
-1.36349	0.929852
-1.35419	0.936297
-1.34482	0.942813
-1.3354	0.9494
-1.3259	0.956062
-1.31634	0.962798
-1.30671	0.969612
-1.29702	0.976505
-1.28725	0.983479
-1.27742	0.990536
-1.26751	0.997678
-1.25754	1.00491
-1.24749	1.01222
-1.23736	1.01963
-1.22717	1.02713
-1.2169	1.03473
-1.20655	1.04242
-1.19613	1.05021
-1.18562	1.0581
-1.17504	1.06609
-1.16438	1.07419
-1.15364	1.08239
-1.14282	1.0907
-1.13191	1.09913
-1.12092	1.10767
-1.10984	1.11632
-1.09868	1.12509
-1.08743	1.13398
-1.07609	1.14299
-1.06466	1.15213
-1.05314	1.16139
-1.04152	1.17078
-1.02981	1.1803
-1.01801	1.18996
-1.00611	1.19975
-0.994114	1.20968
-0.982017	1.21975
-0.969819	1.22996
-0.95752	1.24031
-0.945117	1.25082
-0.932609	1.26147
-0.919994	1.27227
-0.907271	1.28323
-0.894439	1.29435
-0.881495	1.30562
-0.868439	1.31706
-0.855268	1.32866
-0.841982	1.34042
-0.828578	1.35235
-0.815054	1.36445
-0.80141	1.37672
-0.787642	1.38917
-0.773751	1.40179
-0.759733	1.41459
-0.745587	1.42757
-0.731311	1.44074
-0.716904	1.45408
-0.702363	1.46761
-0.687687	1.48133
-0.672874	1.49523
-0.657921	1.50932
-0.642828	1.52361
-0.627592	1.53808
-0.612211	1.55275
-0.596684	1.56761
-0.581008	1.58266
-0.565181	1.5979
-0.549202	1.61334
-0.533069	1.62898
-0.516779	1.6448
-0.500331	1.66082
-0.483723	1.67703
-0.466952	1.69343
-0.450018	1.71001
-0.432918	1.72679
-0.41565	1.74375
-0.398213	1.76088
-0.380604	1.7782
-0.362822	1.79569
-0.344865	1.81336
-0.326731	1.83118
-0.308419	1.84917
-0.289928	1.86732
-0.271254	1.88561
-0.252398	1.90404
-0.233358	1.92261
-0.214132	1.94131
-0.194719	1.96012
-0.175118	1.97904
-0.155327	1.99805
-0.135347	2.01716
-0.115175	2.03633
-0.0948119	2.05557
-0.0742562	2.07485
-0.0535077	2.09416
-0.0325661	2.11349
-0.0114312	2.13282
0.00989695	2.15212
0.0314182	2.17139
0.0531321	2.1906
0.0750381	2.20973
0.0971354	2.22875
0.119423	2.24765
0.141899	2.2664
0.164563	2.28497
0.187413	2.30333
0.210446	2.32146
0.233661	2.33932
0.257054	2.35689
0.280623	2.37413
0.304364	2.39101
0.328274	2.40749
0.352349	2.42354
0.376585	2.43912
0.400976	2.45419
0.425518	2.46872
0.450205	2.48266
0.475032	2.49597
0.499991	2.50862
0.525077	2.52055
0.550283	2.53173
0.5756	2.54211
0.601021	2.55165
0.626538	2.56031
0.652141	2.56805
0.677821	2.57481
0.70357	2.58056
0.729375	2.58525
0.755228	2.58884
0.781116	2.5913
0.807029	2.59258
0.832955	2.59265
0.858881	2.59146
0.884796	2.58899
0.910686	2.5852
0.936538	2.58007
0.962339	2.57356
0.988074	2.56565
1.01373	2.55631
1.03929	2.54554
1.06475	2.53331
1.09008	2.51961
1.11528	2.50444
1.14032	2.48779
1.1652	2.46967
1.1899	2.45006
1.2144	2.429
1.23869	2.40647
1.26275	2.38251
1.28658	2.35714
1.31015	2.33037
1.33345	2.30224
1.35648	2.27278
1.3792	2.24204
1.40162	2.21004
1.42372	2.17684
1.44549	2.14248
1.46692	2.10702
1.48799	2.07051
1.50869	2.033
1.52902	1.99457
1.54897	1.95526
1.56852	1.91515
1.58767	1.87429
1.60642	1.83276
1.62474	1.79063
1.64265	1.74795
1.66013	1.70481
1.67718	1.66126
1.69379	1.61739
1.70996	1.57324
1.7257	1.5289
1.74098	1.48443
1.75583	1.43988
1.77023	1.39533
1.78418	1.35084
1.79769	1.30645
1.81075	1.26223
1.82338	1.21824
1.83556	1.17452
1.8473	1.13112
1.85861	1.08808
1.8695	1.04546
1.87995	1.00329
1.88998	0.961607
1.8996	0.920448
1.9088	0.879843
1.9176	0.839822
1.926	0.800411
1.934	0.761633
1.94162	0.723508
1.94886	0.686056
1.95572	0.64929
1.96221	0.613226
1.96834	0.577873
1.97412	0.543241
1.97955	0.509335
1.98465	0.47616
1.98941	0.44372
1.99384	0.412014
1.99797	0.381042
2.00178	0.350802
2.00528	0.321291
2.0085	0.292502
2.01142	0.264429
2.01407	0.237067
2.01644	0.210405
2.01854	0.184434
2.02038	0.159146
2.02198	0.134527
2.02332	0.110568
2.02443	0.0872565
2.0253	0.0645791
2.02595	0.0425233
2.02637	0.0210757
2.02658	0.000222808
2.02658	-0.0200492
2.02638	-0.0397544
2.02599	-0.0589069
2.0254	-0.0775208
2.02462	-0.0956104
2.02367	-0.11319
2.02253	-0.130273
2.02123	-0.146875
2.01976	-0.163009
2.01813	-0.178689
2.01635	-0.193928
2.01441	-0.208741
2.01232	-0.22314
2.01009	-0.23714
2.00772	-0.250751
2.00521	-0.263988
2.00257	-0.276863
1.9998	-0.289388
1.99691	-0.301575
1.99389	-0.313435
1.99076	-0.32498
1.98751	-0.336221
1.98414	-0.347169
1.98067	-0.357834
1.97709	-0.368227
1.97341	-0.378358
1.96963	-0.388236
1.96575	-0.397871
1.96177	-0.407272
1.95769	-0.416449
1.95353	-0.425409
1.94928	-0.434162
1.94493	-0.442715
1.94051	-0.451077
1.936	-0.459254
1.9314	-0.467256
1.92673	-0.475088
1.92198	-0.482758
1.91715	-0.490273
1.91225	-0.497639
1.90727	-0.504863
1.90222	-0.511951
1.8971	-0.518908
1.89192	-0.525741
1.88666	-0.532456
1.88133	-0.539057
1.87594	-0.54555
1.87049	-0.551941
1.86497	-0.558233
1.85939	-0.564433
1.85374	-0.570544
1.84804	-0.576571
1.84227	-0.582518
1.83645	-0.58839
1.83056	-0.594191
1.82462	-0.599924
1.81862	-0.605594
1.81256	-0.611204
1.80645	-0.616758
1.80028	-0.62226
1.79406	-0.627712
1.78779	-0.633119
1.78145	-0.638483
1.77507	-0.643807
1.76863	-0.649095
1.76214	-0.65435
1.7556	-0.659573
1.749	-0.66477
1.74235	-0.669941
1.73565	-0.67509
1.7289	-0.680219
1.7221	-0.68533
1.71525	-0.690427
1.70834	-0.695512
1.70139	-0.700587
1.69438	-0.705654
1.68733	-0.710716
1.68022	-0.715774
1.67306	-0.720832
1.66585	-0.725891
1.65859	-0.730953
1.65128	-0.73602
1.64392	-0.741095
1.63651	-0.746179
1.62905	-0.751274
1.62154	-0.756382
1.61397	-0.761506
1.60636	-0.766646
1.59869	-0.771805
1.59097	-0.776985
1.5832	-0.782187
1.57538	-0.787414
1.56751	-0.792666
1.55958	-0.797946
1.5516	-0.803256
1.54357	-0.808597
1.53548	-0.813971
1.52734	-0.81938
1.51915	-0.824825
1.5109	-0.830308
1.5026	-0.83583
1.49424	-0.841395
1.48583	-0.847002
1.47736	-0.852654
1.46883	-0.858353
1.46025	-0.864099
1.45161	-0.869896
1.44291	-0.875744
1.43415	-0.881645
1.42533	-0.887601
1.41646	-0.893614
1.40752	-0.899685
1.39852	-0.905816
1.38947	-0.912009
1.38035	-0.918265
1.37116	-0.924586
1.36192	-0.930974
1.35261	-0.937431
1.34323	-0.943958
1.33379	-0.950558
1.32429	-0.957231
1.31472	-0.963981
1.30508	-0.970808
1.29537	-0.977714
1.28559	-0.984702
1.27574	-0.991773
1.26583	-0.998929
1.25584	-1.00617
1.24578	-1.0135
1.23564	-1.02093
1.22543	-1.02844
1.21515	-1.03605
1.20479	-1.04376
1.19435	-1.05157
1.18383	-1.05948
1.17324	-1.06749
1.16256	-1.0756
1.15181	-1.08382
1.14097	-1.09216
1.13005	-1.1006
1.11904	-1.10916
1.10795	-1.11783
1.09677	-1.12662
1.08551	-1.13553
1.07415	-1.14456
1.0627	-1.15372
1.05117	-1.163
1.03954	-1.17242
1.02781	-1.18196
1.01599	-1.19164
1.00408	-1.20145
0.992062	-1.2114
0.979948	-1.2215
0.967733	-1.23173
0.955416	-1.24211
0.942995	-1.25264
0.930468	-1.26332
0.917835	-1.27415
0.905094	-1.28514
0.892242	-1.29628
0.87928	-1.30758
0.866204	-1.31904
0.853013	-1.33067
0.839707	-1.34246
0.826282	-1.35442
0.812738	-1.36655
0.799072	-1.37885
0.785284	-1.39133
0.77137	-1.40398
0.757331	-1.41682
0.743162	-1.42983
0.728864	-1.44302
0.714434	-1.4564
0.69987	-1.46996
0.68517	-1.48371
0.670333	-1.49764
0.655357	-1.51177
0.640239	-1.52608
0.624978	-1.54059
0.609572	-1.55529
0.59402	-1.57018
0.578318	-1.58527
0.562465	-1.60055
0.54646	-1.61602
0.530299	-1.63168
0.513983	-1.64754
0.497507	-1.66359
0.480871	-1.67983
0.464073	-1.69627
0.44711	-1.71289
0.429981	-1.72969
0.412684	-1.74668
0.395218	-1.76385
0.377579	-1.7812
0.359767	-1.79872
0.34178	-1.81641
0.323616	-1.83426
0.305273	-1.85228
0.286751	-1.87045
0.268046	-1.88877
0.249158	-1.90722
0.230086	-1.92582
0.210828	-1.94453
0.191383	-1.96336
0.171749	-1.9823
0.151926	-2.00133
0.131913	-2.02045
0.111708	-2.03963
0.0913119	-2.05888
0.0707231	-2.07817
0.0499415	-2.09748
0.0289666	-2.11681
0.00779849	-2.13614
-0.0135629	-2.15544
-0.0351173	-2.1747
-0.0568643	-2.1939
-0.0788033	-2.21301
-0.100933	-2.23202
-0.123254	-2.25089
-0.145762	-2.26961
-0.168459	-2.28814
-0.19134	-2.30647
-0.214405	-2.32455
-0.23765	-2.34237
-0.261074	-2.35988
-0.284673	-2.37706
-0.308443	-2.39387
-0.332382	-2.41029
-0.356485	-2.42626
-0.380747	-2.44175
-0.405165	-2.45674
-0.429732	-2.47117
-0.454444	-2.485
-0.479294	-2.4982
-0.504276	-2.51073
-0.529383	-2.52254
-0.554609	-2.53358
-0.579944	-2.54383
-0.605383	-2.55322
-0.630915	-2.56172
-0.656532	-2.56929
-0.682225	-2.57588
-0.707984	-2.58146
-0.733799	-2.58596
-0.759658	-2.58937
-0.785552	-2.59163
-0.811468	-2.5927
-0.837395	-2.59256
-0.863321	-2.59115
-0.889232	-2.58846
-0.915117	-2.58444
-0.940961	-2.57907
-0.966752	-2.57232
-0.992475	-2.56417
-1.01812	-2.55459
-1.04366	-2.54357
-1.0691	-2.53109
-1.09441	-2.51714
-1.11958	-2.50172
-1.1446	-2.48481
-1.16945	-2.46643
-1.19411	-2.44658
-1.21858	-2.42526
-1.24283	-2.40249
-1.26685	-2.37829
-1.29064	-2.35267
-1.31416	-2.32567
-1.33742	-2.29731
-1.36039	-2.26763
-1.38307	-2.23666
-1.40544	-2.20445
-1.42748	-2.17105
-1.44919	-2.1365
-1.47056	-2.10085
-1.49156	-2.06417
-1.51221	-2.0265
-1.53247	-1.98791
-1.55235	-1.94846
-1.57183	-1.90821
-1.59092	-1.86724
-1.60959	-1.8256
-1.62785	-1.78337
-1.64568	-1.74061
-1.66308	-1.69739
-1.68006	-1.65378
-1.6966	-1.60985
-1.7127	-1.56567
-1.72835	-1.5213
-1.74356	-1.47681
-1.75833	-1.43226
-1.77266	-1.38771
-1.78653	-1.34323
-1.79997	-1.29887
-1.81295	-1.25469
-1.8255	-1.21073
-1.83761	-1.16706
-1.84928	-1.12372
-1.86052	-1.08076
-1.87132	-1.03821
-1.88171	-0.996118
-1.89167	-0.954523
-1.90121	-0.913456
-1.91035	-0.872949
-1.91908	-0.83303
-1.92741	-0.793725
-1.93534	-0.755057
-1.94289	-0.717046
-1.95006	-0.67971
-1.95686	-0.643064
-1.96329	-0.60712
-1.96936	-0.57189
-1.97508	-0.537381
-1.98046	-0.5036
-1.98549	-0.470551
-1.9902	-0.438236
-1.99458	-0.406656
-1.99865	-0.37581
-2.0024	-0.345695
-2.00586	-0.316307
-2.00902	-0.287641
-2.0119	-0.259691
-2.0145	-0.232449
-2.01682	-0.205906
-2.01888	-0.180053
-2.02068	-0.15488
-2.02223	-0.130375
-2.02353	-0.106528
-2.0246	-0.0833256
-2.02543	-0.0607556
-2.02604	-0.0388048
-2.02643	-0.0174601
-2.0266	0.00329234
-2.02657	0.0234663
-2.02634	0.0430758
-2.02591	0.062135
-2.02528	0.0806581
-2.02448	0.0986593
-2.02349	0.116153
-2.02233	0.133153
-2.021	0.149673
-2.0195	0.165728
-2.01784	0.181332
-2.01603	0.196497
-2.01407	0.211238
-2.01195	0.225568
-2.0097	0.2395
-2.0073	0.253047
-2.00477	0.266221
-2.00211	0.279035
-1.99932	0.291501
-1.9964	0.303631
-1.99337	0.315436
-1.99021	0.326928
-1.98694	0.338118
-1.98356	0.349017
-1.98007	0.359634
-1.97648	0.369982
-1.97278	0.380068
-1.96898	0.389904
-1.96508	0.399499
-1.96108	0.408861
-1.95699	0.418
-1.95281	0.426924
-1.94854	0.435642
-1.94419	0.444162
-1.93975	0.452491
-1.93522	0.460638
-1.93061	0.46861
-1.92593	0.476414
-1.92116	0.484057
-1.91632	0.491545
-1.91141	0.498887
-1.90642	0.506087
-1.90136	0.513152
-1.89623	0.520087
-1.89103	0.5269
-1.88576	0.533595
-1.88042	0.540177
-1.87502	0.546652
-1.86955	0.553026
-1.86402	0.559302
-1.85843	0.565486
-1.85277	0.571582
-1.84706	0.577595
-1.84128	0.583529
-1.83545	0.589388
-1.82955	0.595177
-1.8236	0.600899
-1.81759	0.606559
-1.81153	0.612159
-1.80541	0.617704
-1.79923	0.623197
-1.793	0.628641
-1.78671	0.63404
-1.78037	0.639397
-1.77398	0.644714
-1.76753	0.649996
-1.76103	0.655245
-1.75448	0.660464
-1.74787	0.665656
-1.74122	0.670823
-1.73451	0.675968
-1.72775	0.681094
-1.72094	0.686203
-1.71407	0.691298
-1.70716	0.696381
-1.7002	0.701454
-1.69318	0.70652
-1.68612	0.711581
-1.679	0.716639
-1.67184	0.721697
-1.66462	0.726756
-1.65735	0.731819
-1.65003	0.736887
-1.64266	0.741963
-1.63524	0.747049
-1.62777	0.752146
-1.62025	0.757257
-1.61268	0.762383
-1.60506	0.767526
-1.59738	0.772689
-1.58965	0.777872
-1.58188	0.783078
-1.57404	0.788309
-1.56616	0.793566
-1.55823	0.798851
-1.55024	0.804166
-1.5422	0.809513
-1.5341	0.814893
-1.52595	0.820307
-1.51775	0.825759
-1.50949	0.831248
-1.50118	0.836778
-1.49281	0.842349
-1.48439	0.847964
-1.47591	0.853624
-1.46737	0.859331
-1.45878	0.865086
-1.45013	0.870891
-1.44142	0.876748
-1.43265	0.882658
-1.42382	0.888624
-1.41494	0.894646
-1.40599	0.900727
-1.39698	0.906869
-1.38792	0.913072
-1.37878	0.919339
-1.36959	0.925672
-1.36033	0.932071
-1.35101	0.93854
-1.34163	0.94508
-1.33218	0.951692
-1.32266	0.958378
-1.31308	0.96514
-1.30343	0.971981
-1.29371	0.978901
-1.28392	0.985903
-1.27406	0.992988
-1.26413	1.00016
-1.25413	1.00742
-1.24405	1.01476
-1.2339	1.0222
-1.22368	1.02974
-1.21339	1.03736
-1.20301	1.04509
-1.19256	1.05291
-1.18203	1.06084
-1.17142	1.06886
-1.16073	1.077
-1.14996	1.08524
-1.13911	1.09359
-1.12818	1.10205
-1.11716	1.11063
-1.10605	1.11932
-1.09486	1.12813
-1.08358	1.13706
-1.0722	1.14611
-1.06074	1.15529
-1.04919	1.1646
-1.03754	1.17403
-1.0258	1.1836
-1.01397	1.1933
-1.00204	1.20314
-0.990004	1.21312
-0.977873	1.22323
-0.96564	1.23349
-0.953305	1.2439
-0.940866	1.25445
-0.928322	1.26516
-0.91567	1.27602
-0.90291	1.28703
-0.89004	1.2982
-0.877058	1.30953
-0.863963	1.32102
-0.850752	1.33267
-0.837426	1.34449
-0.823981	1.35648
-0.810416	1.36864
-0.79673	1.38097
-0.78292	1.39348
-0.768985	1.40616
-0.754923	1.41902
-0.740733	1.43206
-0.726413	1.44529
-0.71196	1.4587
-0.697373	1.47229
-0.68265	1.48607
-0.667789	1.50004
-0.652789	1.5142
-0.637647	1.52854
-0.622361	1.54308
-0.60693	1.55782
-0.591352	1.57274
-0.575625	1.58786
-0.559746	1.60317
-0.543715	1.61868
-0.527528	1.63438
-0.511184	1.65027
-0.494681	1.66635
-0.478018	1.68262
-0.461192	1.69909
-0.444201	1.71574
-0.427043	1.73258
-0.409718	1.7496
-0.392222	1.7668
-0.374554	1.78417
-0.356712	1.80172
-0.338695	1.81944
-0.3205	1.83733
-0.302127	1.85537
-0.283573	1.87356
-0.264838	1.89191
-0.245919	1.91039
-0.226815	1.929
-0.207525	1.94774
-0.188047	1.96659
-0.168382	1.98554
-0.148526	2.00459
-0.12848	2.02372
-0.108243	2.04291
-0.087814	2.06217
-0.0671923	2.08146
-0.0463777	2.10078
-0.0253699	2.12011
-0.00416882	2.13943
0.0172255	2.15873
0.0388128	2.17798
0.0605926	2.19716
0.0825643	2.21626
0.104727	2.23525
0.127079	2.25409
0.14962	2.27278
0.172348	2.29128
0.195261	2.30957
0.218357	2.32761
0.241633	2.34538
0.265087	2.36284
0.288715	2.37996
0.312514	2.3967
0.336481	2.41304
0.360612	2.42894
0.384901	2.44435
0.409345	2.45924
0.433937	2.47357
0.458673	2.4873
0.483546	2.50039
0.50855	2.5128
0.533678	2.52448
0.558922	2.53539
0.584276	2.54549
0.609731	2.55474
0.635279	2.56308
0.660909	2.57049
0.686614	2.57691
0.712383	2.5823
0.738206	2.58662
0.764073	2.58984
0.789971	2.5919
0.81589	2.59277
0.841818	2.59241
0.867742	2.59079
0.89365	2.58787
0.919528	2.58362
0.945365	2.57802
0.971145	2.57103
0.996855	2.56264
1.02248	2.55281
1.04801	2.54154
1.07342	2.52881
1.09871	2.51462
1.12386	2.49894
1.14885	2.48179
1.17367	2.46315
1.1983	2.44305
1.22273	2.42148
1.24694	2.39846
1.27093	2.37402
1.29467	2.34816
1.31815	2.32092
1.34136	2.29234
1.36428	2.26243
1.38691	2.23126
1.40922	2.19884
1.43121	2.16524
1.45286	2.1305
1.47417	2.09467
1.49511	2.05781
1.51569	2.01998
1.53589	1.98124
1.5557	1.94165
1.57512	1.90127
1.59413	1.86018
1.61273	1.81844
1.63092	1.77611
1.64868	1.73327
1.66601	1.68998
1.68291	1.64631
1.69937	1.60233
1.7154	1.55811
1.73098	1.51372
1.74612	1.46921
1.76081	1.42466
1.77505	1.38012
1.78886	1.33565
1.80221	1.29132
1.81513	1.24717
1.8276	1.20326
1.83963	1.15965
1.85123	1.11637
1.86239	1.07347
1.87312	1.031
1.88343	0.988987
1.89332	0.94748
1.9028	0.906506
1.91186	0.866097
1.92053	0.826282
1.92879	0.787084
1.93666	0.748527
1.94414	0.71063
1.95125	0.67341
1.95798	0.636883
1.96435	0.60106
1.97036	0.565953
1.97602	0.531568
1.98134	0.497911
1.98632	0.464987
1.99097	0.432798
1.9953	0.401343
1.99931	0.370621
2.00302	0.340631
2.00642	0.311367
2.00954	0.282823
2.01236	0.254994
2.01491	0.227872
2.01719	0.201448
2.01921	0.175711
2.02096	0.150653
2.02247	0.126261
2.02373	0.102525
2.02476	0.0794314
2.02555	0.0569679
2.02612	0.0351215
2.02647	0.0138788
2.02661	-0.00677402
2.02654	-0.0268507
