1.01	0.99
1.0199	0.979602
1.0297	0.968812
1.03938	0.957639
1.04896	0.946091
1.05842	0.934178
1.06776	0.921909
1.07698	0.909294
1.08608	0.896343
1.09504	0.883068
1.10387	0.86948
1.11256	0.855591
1.12112	0.841414
1.12953	0.82696
1.1378	0.812243
1.14593	0.797276
1.1539	0.782072
1.16172	0.766644
1.16939	0.751007
1.1769	0.735173
1.18425	0.719158
1.19144	0.702974
1.19847	0.686636
1.20534	0.670157
1.21204	0.653552
1.21857	0.636833
1.22494	0.620015
1.23114	0.603111
1.23717	0.586134
1.24303	0.569098
1.24872	0.552014
1.25424	0.534895
1.25959	0.517754
1.26477	0.500603
1.26978	0.483452
1.27461	0.466314
1.27927	0.449199
1.28377	0.432117
1.28809	0.415079
1.29224	0.398094
1.29622	0.381171
1.30003	0.36432
1.30367	0.347549
1.30715	0.330865
1.31046	0.314276
1.3136	0.29779
1.31658	0.281413
1.31939	0.265152
1.32205	0.249012
1.32454	0.232998
1.32687	0.217116
1.32904	0.20137
1.33105	0.185765
1.33291	0.170304
1.33461	0.154991
1.33616	0.139829
1.33756	0.12482
1.33881	0.109967
1.33991	0.0952723
1.34086	0.0807366
1.34167	0.0663617
1.34233	0.0521486
1.34285	0.038098
1.34323	0.0242105
1.34348	0.0104861
1.34358	-0.00307528
1.34355	-0.0164739
1.34338	-0.0297105
1.34309	-0.0427857
1.34266	-0.0557007
1.3421	-0.0684566
1.34142	-0.0810548
1.34061	-0.0934971
1.33967	-0.105785
1.33861	-0.117921
1.33744	-0.129906
1.33614	-0.141744
1.33472	-0.153435
1.33318	-0.164984
1.33153	-0.176392
1.32977	-0.187662
1.32789	-0.198797
1.32591	-0.2098
1.32381	-0.220674
1.3216	-0.231421
1.31929	-0.242045
1.31687	-0.252549
1.31434	-0.262937
1.31171	-0.273211
1.30898	-0.283375
1.30615	-0.293432
1.30321	-0.303386
1.30018	-0.31324
1.29705	-0.322998
1.29382	-0.332663
1.29049	-0.342238
1.28707	-0.351727
1.28355	-0.361134
1.27994	-0.370462
1.27623	-0.379714
1.27244	-0.388895
1.26855	-0.398008
1.26457	-0.407057
1.2605	-0.416044
1.25634	-0.424974
1.25209	-0.433851
1.24775	-0.442677
1.24332	-0.451457
1.23881	-0.460194
1.2342	-0.468891
1.22952	-0.477553
1.22474	-0.486183
1.21988	-0.494784
1.21493	-0.50336
1.2099	-0.511915
1.20478	-0.520452
1.19957	-0.528975
1.19428	-0.537488
1.18891	-0.545993
1.18345	-0.554496
1.1779	-0.562999
1.17227	-0.571506
1.16656	-0.58002
1.16076	-0.588546
1.15487	-0.597087
1.1489	-0.605647
1.14285	-0.614229
1.1367	-0.622838
1.13048	-0.631476
1.12416	-0.640147
1.11776	-0.648857
1.11127	-0.657607
1.10469	-0.666402
1.09803	-0.675247
1.09128	-0.684144
1.08444	-0.693098
1.07751	-0.702112
1.07048	-0.711192
1.06337	-0.72034
1.05617	-0.72956
1.04887	-0.738858
1.04148	-0.748237
1.034	-0.757701
1.02643	-0.767255
1.01875	-0.776903
1.01098	-0.78665
1.00312	-0.796499
0.995152	-0.806456
0.987088	-0.816524
0.978922	-0.826709
0.970655	-0.837016
0.962285	-0.847448
0.953811	-0.858012
0.945231	-0.868711
0.936543	-0.879552
0.927748	-0.890539
0.918842	-0.901677
0.909826	-0.912971
0.900696	-0.924428
0.891452	-0.936052
0.882091	-0.94785
0.872613	-0.959826
0.863014	-0.971986
0.853295	-0.984337
0.843451	-0.996885
0.833482	-1.00963
0.823386	-1.02259
0.81316	-1.03577
0.802802	-1.04916
0.792311	-1.06278
0.781683	-1.07664
0.770917	-1.09074
0.760009	-1.10509
0.748958	-1.11969
0.737761	-1.13455
0.726416	-1.14969
0.714919	-1.16509
0.703268	-1.18079
0.69146	-1.19677
0.679492	-1.21306
0.667362	-1.22965
0.655065	-1.24655
0.6426	-1.26377
0.629962	-1.28133
0.617149	-1.29922
0.604157	-1.31746
0.590982	-1.33605
0.577622	-1.355
0.564072	-1.37432
0.550328	-1.39402
0.536388	-1.4141
0.522247	-1.43457
0.507902	-1.45544
0.493347	-1.47672
0.47858	-1.49841
0.463596	-1.52053
0.448391	-1.54307
0.43296	-1.56605
0.4173	-1.58946
0.401405	-1.61333
0.385272	-1.63764
0.368895	-1.66241
0.352271	-1.68764
0.335395	-1.71334
0.318261	-1.7395
0.300866	-1.76613
0.283205	-1.79324
0.265273	-1.82081
0.247064	-1.84885
0.228576	-1.87736
0.209802	-1.90634
0.190739	-1.93577
0.171381	-1.96566
0.151725	-1.99599
0.131765	-2.02676
0.111497	-2.05795
0.0909176	-2.08955
0.0700221	-2.12155
0.0488066	-2.15391
0.0272675	-2.18663
0.00540114	-2.21968
-0.0167957	-2.25303
-0.039326	-2.28665
-0.0621924	-2.3205
-0.0853974	-2.35455
-0.108943	-2.38876
-0.132831	-2.42307
-0.157061	-2.45745
-0.181636	-2.49183
-0.206554	-2.52616
-0.231816	-2.56037
-0.257419	-2.59439
-0.283363	-2.62816
-0.309645	-2.66158
-0.336261	-2.69458
-0.363207	-2.72707
-0.390477	-2.75894
-0.418067	-2.79011
-0.445968	-2.82047
-0.474173	-2.8499
-0.502672	-2.8783
-0.531455	-2.90554
-0.56051	-2.9315
-0.589825	-2.95605
-0.619385	-2.97906
-0.649176	-3.00041
-0.67918	-3.01996
-0.70938	-3.03757
-0.739755	-3.05311
-0.770287	-3.06645
-0.800951	-3.07745
-0.831726	-3.08599
-0.862586	-3.09194
-0.893505	-3.09519
-0.924457	-3.09561
-0.955413	-3.09312
-0.986344	-3.08761
-1.01722	-3.079
-1.04801	-3.06723
-1.07868	-3.05222
-1.1092	-3.03395
-1.13954	-3.01237
-1.16967	-2.98749
-1.19954	-2.95929
-1.22914	-2.92782
-1.25841	-2.89309
-1.28734	-2.85518
-1.3159	-2.81416
-1.34404	-2.77012
-1.37174	-2.72317
-1.39897	-2.67344
-1.42571	-2.62107
-1.45192	-2.56621
-1.47758	-2.50904
-1.50267	-2.44973
-1.52717	-2.38848
-1.55105	-2.32548
-1.57431	-2.26093
-1.59692	-2.19505
-1.61887	-2.12804
-1.64015	-2.06012
-1.66075	-1.99149
-1.68066	-1.92236
-1.69989	-1.85294
-1.71841	-1.78342
-1.73625	-1.71399
-1.75339	-1.64484
-1.76984	-1.57612
-1.7856	-1.50801
-1.80068	-1.44066
-1.81509	-1.37419
-1.82883	-1.30874
-1.84191	-1.24443
-1.85436	-1.18135
-1.86617	-1.11959
-1.87737	-1.05923
-1.88796	-1.00035
-1.89796	-0.942991
-1.90739	-0.887203
-1.91627	-0.83302
-1.9246	-0.780469
-1.9324	-0.729567
-1.9397	-0.680321
-1.9465	-0.632734
-1.95283	-0.5868
-1.9587	-0.542507
-1.96412	-0.499838
-1.96912	-0.45877
-1.97371	-0.419278
-1.9779	-0.381331
-1.98171	-0.344895
-1.98516	-0.309934
-1.98826	-0.27641
-1.99102	-0.244283
-1.99347	-0.213511
-1.9956	-0.184052
-1.99744	-0.155862
-1.999	-0.128898
-2.00029	-0.103115
-2.00132	-0.0784704
-2.00211	-0.0549198
-2.00266	-0.0324204
-2.00298	-0.0109298
-2.00309	0.00959383
-2.00299	0.0291912
-2.0027	0.0479023
-2.00222	0.0657659
-2.00156	0.0828199
-2.00074	0.0991009
-1.99975	0.114644
-1.9986	0.129485
-1.9973	0.143655
-1.99587	0.157186
-1.9943	0.170111
-1.99259	0.182457
-1.99077	0.194253
-1.98883	0.205527
-1.98677	0.216304
-1.98461	0.226609
-1.98234	0.236466
-1.97998	0.245898
-1.97752	0.254926
-1.97497	0.263572
-1.97233	0.271854
-1.96962	0.279792
-1.96682	0.287404
-1.96394	0.294706
-1.961	0.301716
-1.95798	0.308448
-1.9549	0.314917
-1.95175	0.321137
-1.94854	0.327122
-1.94526	0.332884
-1.94194	0.338435
-1.93855	0.343787
-1.93511	0.34895
-1.93162	0.353935
-1.92808	0.358751
-1.9245	0.363408
-1.92086	0.367915
-1.91718	0.37228
-1.91346	0.376511
-1.9097	0.380615
-1.90589	0.3846
-1.90204	0.388473
-1.89816	0.392239
-1.89424	0.395906
-1.89028	0.399478
-1.88628	0.402962
-1.88225	0.406363
-1.87819	0.409686
-1.87409	0.412935
-1.86996	0.416115
-1.8658	0.41923
-1.86161	0.422285
-1.85739	0.425284
-1.85313	0.428229
-1.84885	0.431125
-1.84454	0.433975
-1.8402	0.436782
-1.83583	0.43955
-1.83144	0.44228
-1.82701	0.444977
-1.82256	0.447641
-1.81809	0.450278
-1.81359	0.452887
-1.80906	0.455472
-1.8045	0.458036
-1.79992	0.460579
-1.79532	0.463105
-1.79068	0.465615
-1.78603	0.468111
-1.78135	0.470594
-1.77664	0.473067
-1.77191	0.475531
-1.76716	0.477988
-1.76238	0.48044
-1.75757	0.482886
-1.75274	0.485331
-1.74789	0.487773
-1.74301	0.490216
-1.73811	0.492659
-1.73318	0.495105
-1.72823	0.497555
-1.72326	0.500009
-1.71826	0.502469
-1.71323	0.504936
-1.70818	0.507412
-1.70311	0.509896
-1.69801	0.512391
-1.69288	0.514897
-1.68774	0.517415
-1.68256	0.519946
-1.67736	0.522491
-1.67214	0.525051
-1.66689	0.527627
-1.66161	0.53022
-1.65631	0.532831
-1.65098	0.53546
-1.64563	0.538109
-1.64024	0.540778
-1.63484	0.543469
-1.6294	0.546181
-1.62394	0.548917
-1.61845	0.551676
-1.61293	0.55446
-1.60739	0.557269
-1.60182	0.560105
-1.59622	0.562968
-1.59059	0.565859
-1.58493	0.568779
-1.57924	0.571728
-1.57352	0.574708
-1.56778	0.577719
-1.562	0.580763
-1.55619	0.58384
-1.55035	0.586951
-1.54448	0.590097
-1.53858	0.593279
-1.53265	0.596497
-1.52668	0.599754
-1.52069	0.603048
-1.51466	0.606383
-1.50859	0.609758
-1.50249	0.613174
-1.49636	0.616633
-1.4902	0.620136
-1.48399	0.623683
-1.47776	0.627276
-1.47149	0.630915
-1.46518	0.634602
-1.45883	0.638338
-1.45245	0.642124
-1.44603	0.645961
-1.43957	0.64985
-1.43307	0.653793
-1.42653	0.65779
-1.41995	0.661843
-1.41333	0.665954
-1.40667	0.670123
-1.39997	0.674351
-1.39323	0.678641
-1.38644	0.682994
-1.37961	0.68741
-1.37274	0.691892
-1.36582	0.69644
-1.35886	0.701057
-1.35184	0.705744
-1.34479	0.710503
-1.33768	0.715335
-1.33053	0.720241
-1.32333	0.725224
-1.31607	0.730286
-1.30877	0.735428
-1.30142	0.740651
-1.29401	0.745959
-1.28655	0.751352
-1.27904	0.756833
-1.27147	0.762404
-1.26384	0.768067
-1.25616	0.773824
-1.24843	0.779677
-1.24063	0.785629
-1.23277	0.791681
-1.22486	0.797837
-1.21688	0.804099
-1.20884	0.810468
-1.20073	0.816949
-1.19256	0.823543
-1.18433	0.830253
-1.17602	0.837082
-1.16765	0.844033
-1.15921	0.851108
-1.1507	0.858311
-1.14212	0.865646
-1.13346	0.873114
-1.12473	0.880719
-1.11592	0.888465
-1.10704	0.896356
-1.09808	0.904394
-1.08903	0.912583
-1.07991	0.920927
-1.0707	0.929431
-1.0614	0.938097
-1.05202	0.946929
-1.04255	0.955933
-1.03299	0.965113
-1.02334	0.974472
-1.0136	0.984015
-1.00376	0.993746
-0.99382	1.00367
-0.983783	1.0138
-0.973645	1.02412
-0.963404	1.03466
-0.953057	1.04541
-0.942603	1.05638
-0.93204	1.06757
-0.921364	1.07899
-0.910574	1.09065
-0.899667	1.10255
-0.888642	1.1147
-0.877495	1.1271
-0.866224	1.13977
-0.854826	1.1527
-0.843299	1.1659
-0.83164	1.17939
-0.819846	1.19316
-0.807915	1.20722
-0.795843	1.22159
-0.783627	1.23627
-0.771264	1.25126
-0.758751	1.26658
-0.746086	1.28223
-0.733263	1.29821
-0.720281	1.31455
-0.707136	1.33124
-0.693823	1.3483
-0.68034	1.36572
-0.666683	1.38353
-0.652848	1.40173
-0.638831	1.42032
-0.624627	1.43932
-0.610234	1.45873
-0.595647	1.47856
-0.580861	1.49883
-0.565873	1.51954
-0.550678	1.54069
-0.535271	1.5623
-0.519648	1.58437
-0.503804	1.60692
-0.487735	1.62994
-0.471435	1.65345
-0.454901	1.67745
-0.438126	1.70196
-0.421107	1.72697
-0.403837	1.75249
-0.386312	1.77853
-0.368527	1.80509
-0.350476	1.83217
-0.332154	1.85978
-0.313557	1.88792
-0.294677	1.9166
-0.275511	1.94579
-0.256053	1.97552
-0.236298	2.00577
-0.21624	2.03654
-0.195875	2.06782
-0.175197	2.09961
-0.154201	2.13189
-0.132882	2.16465
-0.111235	2.19787
-0.0892566	2.23155
-0.0669412	2.26565
-0.0442847	2.30015
-0.0212832	2.33502
0.002067	2.37025
0.0257695	2.40578
0.0498273	2.44158
0.0742431	2.47762
0.0990193	2.51384
0.124158	2.55018
0.14966	2.58661
0.175526	2.62304
0.201756	2.65942
0.22835	2.69567
0.255307	2.73171
0.282624	2.76746
0.310299	2.80283
0.338327	2.83772
0.366704	2.87203
0.395424	2.90565
0.424481	2.93847
0.453866	2.97036
0.483569	3.0012
0.513581	3.03085
0.54389	3.05919
0.574482	3.08606
0.605342	3.11133
0.636456	3.13485
0.667804	3.15646
0.699369	3.17601
0.731129	3.19336
0.763062	3.20834
0.795146	3.22081
0.827354	3.23063
0.85966	3.23764
0.892037	3.24172
0.924454	3.24273
0.956881	3.24056
0.989287	3.23509
1.02164	3.22623
1.0539	3.2139
1.08604	3.19803
1.11802	3.17856
1.1498	3.15546
1.18136	3.12872
1.21265	3.09834
1.24363	3.06434
1.27427	3.02678
1.30454	2.98572
1.3344	2.94124
1.36381	2.89346
1.39275	2.84249
1.42117	2.7885
1.44906	2.73163
1.47637	2.67208
1.50309	2.61003
1.52919	2.5457
1.55465	2.4793
1.57944	2.41106
1.60355	2.34121
1.62697	2.26999
1.64967	2.19764
1.67164	2.1244
1.69289	2.0505
1.71339	1.97618
1.73315	1.90167
1.75217	1.82718
1.77044	1.75292
1.78797	1.67909
1.80476	1.60588
1.82082	1.53347
1.83615	1.462
1.85077	1.39163
1.86469	1.32249
1.87792	1.25471
1.89046	1.18838
1.90235	1.12359
1.91358	1.06043
1.92419	0.998955
1.93418	0.939218
1.94357	0.88126
1.95238	0.825109
1.96063	0.770785
1.96834	0.718296
1.97552	0.667643
1.9822	0.618818
1.98839	0.571807
1.99411	0.526589
1.99937	0.483138
2.0042	0.441421
2.00862	0.401404
2.01263	0.363046
2.01626	0.326307
2.01953	0.291141
2.02244	0.257501
2.02501	0.225341
2.02726	0.19461
2.02921	0.165259
2.03086	0.137239
2.03224	0.110498
2.03334	0.0849882
2.03419	0.0606589
2.0348	0.0374618
2.03517	0.0153492
2.03533	-0.00572592
2.03527	-0.0258093
2.03501	-0.0449454
2.03456	-0.0631778
2.03393	-0.0805482
2.03312	-0.0970975
2.03215	-0.112865
2.03102	-0.127888
2.02975	-0.142203
2.02832	-0.155846
2.02676	-0.168849
2.02508	-0.181246
2.02326	-0.193066
2.02133	-0.20434
2.01929	-0.215095
2.01714	-0.225358
2.01489	-0.235156
2.01253	-0.244512
2.01009	-0.25345
2.00755	-0.261992
2.00493	-0.270159
2.00223	-0.277971
1.99945	-0.285447
1.9966	-0.292606
1.99367	-0.299464
1.99068	-0.306039
1.98762	-0.312344
1.98449	-0.318396
1.98131	-0.324209
1.97807	-0.329794
1.97477	-0.335166
1.97142	-0.340335
1.96801	-0.345314
1.96456	-0.350112
1.96106	-0.354741
1.95751	-0.359209
1.95392	-0.363525
1.95029	-0.367699
1.94661	-0.371739
1.94289	-0.375652
1.93913	-0.379445
1.93534	-0.383126
1.93151	-0.386701
1.92764	-0.390177
1.92374	-0.393558
1.9198	-0.396852
1.91584	-0.400063
1.91184	-0.403196
1.9078	-0.406257
1.90374	-0.409249
1.89965	-0.412177
1.89553	-0.415045
1.89138	-0.417857
1.8872	-0.420616
1.88299	-0.423327
1.87876	-0.425992
1.8745	-0.428615
1.87021	-0.431199
1.8659	-0.433746
1.86156	-0.436259
1.8572	-0.438741
1.85281	-0.441195
1.8484	-0.443622
1.84396	-0.446025
1.8395	-0.448407
1.83502	-0.450768
1.83051	-0.453112
1.82598	-0.45544
1.82143	-0.457753
1.81685	-0.460054
1.81225	-0.462344
1.80763	-0.464625
1.80298	-0.466898
1.79831	-0.469165
1.79362	-0.471427
1.7889	-0.473685
1.78417	-0.475941
1.77941	-0.478197
1.77463	-0.480452
1.76982	-0.482709
1.76499	-0.484968
1.76014	-0.487231
1.75527	-0.489498
1.75038	-0.491772
1.74546	-0.494051
1.74052	-0.496339
1.73556	-0.498635
1.73057	-0.500941
1.72556	-0.503257
1.72053	-0.505584
1.71547	-0.507923
1.71039	-0.510276
1.70529	-0.512642
1.70016	-0.515023
1.69501	-0.51742
1.68984	-0.519832
1.68464	-0.522262
1.67942	-0.52471
1.67417	-0.527176
1.6689	-0.529661
1.6636	-0.532167
1.65828	-0.534693
1.65293	-0.537241
1.64756	-0.539811
1.64216	-0.542405
1.63674	-0.545022
1.63129	-0.547663
1.62581	-0.55033
1.62031	-0.553023
1.61478	-0.555743
1.60922	-0.558491
1.60364	-0.561266
1.59802	-0.564071
1.59238	-0.566905
1.58671	-0.56977
1.58102	-0.572667
1.57529	-0.575595
1.56953	-0.578557
1.56375	-0.581552
1.55793	-0.584581
1.55209	-0.587646
1.54621	-0.590748
1.5403	-0.593886
1.53436	-0.597062
1.52839	-0.600277
1.52239	-0.603531
1.51636	-0.606826
1.51029	-0.610163
1.50419	-0.613542
1.49805	-0.616964
1.49188	-0.62043
1.48568	-0.623942
1.47944	-0.6275
1.47316	-0.631106
1.46685	-0.63476
1.4605	-0.638463
1.45412	-0.642216
1.4477	-0.646022
1.44124	-0.64988
1.43474	-0.653792
1.4282	-0.657759
1.42162	-0.661782
1.415	-0.665863
1.40835	-0.670003
1.40165	-0.674203
1.3949	-0.678464
1.38812	-0.682788
1.38129	-0.687177
1.37442	-0.69163
1.3675	-0.696151
1.36054	-0.700741
1.35353	-0.705401
1.34648	-0.710132
1.33938	-0.714937
1.33223	-0.719816
1.32503	-0.724773
1.31778	-0.729807
1.31049	-0.734922
1.30314	-0.740119
1.29573	-0.745399
1.28828	-0.750765
1.28077	-0.756219
1.27321	-0.761763
1.26559	-0.767399
1.25792	-0.773128
1.25019	-0.778954
1.2424	-0.784878
1.23455	-0.790902
1.22664	-0.79703
1.21867	-0.803263
1.21064	-0.809604
1.20254	-0.816056
1.19438	-0.82262
1.18616	-0.829301
1.17786	-0.8361
1.1695	-0.843021
1.16107	-0.850065
1.15257	-0.857238
1.144	-0.86454
1.13535	-0.871977
1.12663	-0.87955
1.11784	-0.887263
1.10896	-0.89512
1.10001	-0.903124
1.09098	-0.911279
1.08187	-0.919589
1.07267	-0.928056
1.06339	-0.936686
1.05403	-0.945482
1.04457	-0.954449
1.03503	-0.96359
1.02539	-0.97291
1.01566	-0.982413
1.00584	-0.992105
0.995916	-1.00199
0.985897	-1.01207
0.975776	-1.02235
0.965552	-1.03285
0.955224	-1.04355
0.944788	-1.05447
0.934244	-1.06562
0.923587	-1.077
0.912817	-1.08861
0.901931	-1.10046
0.890927	-1.11256
0.879801	-1.12491
0.868552	-1.13752
0.857177	-1.15039
0.845673	-1.16354
0.834038	-1.17697
0.822268	-1.19068
0.810361	-1.20469
0.798314	-1.219
0.786124	-1.23361
0.773788	-1.24854
0.761303	-1.2638
0.748665	-1.27938
0.735871	-1.2953
0.722918	-1.31157
0.709802	-1.32819
0.69652	-1.34517
0.683069	-1.36253
0.669443	-1.38026
0.655641	-1.39838
0.641657	-1.41689
0.627488	-1.43581
0.61313	-1.45514
0.598578	-1.4749
0.583829	-1.49508
0.568879	-1.5157
0.553722	-1.53677
0.538354	-1.55829
0.522771	-1.58027
0.506968	-1.60273
0.490941	-1.62566
0.474685	-1.64907
0.458194	-1.67298
0.441464	-1.69739
0.42449	-1.7223
0.407267	-1.74773
0.38979	-1.77367
0.372053	-1.80013
0.354052	-1.82711
0.335781	-1.85463
0.317234	-1.88267
0.298408	-1.91124
0.279295	-1.94034
0.259892	-1.96997
0.240192	-2.00012
0.220191	-2.03079
0.199883	-2.06198
0.179263	-2.09367
0.158327	-2.12586
0.137068	-2.15853
0.115483	-2.19167
0.0935661	-2.22526
0.0713135	-2.25928
0.0487207	-2.29371
0.0257835	-2.32853
0.00249827	-2.36369
-0.0211386	-2.39917
-0.0451303	-2.43493
-0.0694796	-2.47093
-0.0941888	-2.50712
-0.11926	-2.54345
-0.144694	-2.57986
-0.170493	-2.61631
-0.196656	-2.6527
-0.223183	-2.68899
-0.250073	-2.72508
-0.277324	-2.7609
-0.304933	-2.79636
-0.332897	-2.83135
-0.36121	-2.86579
-0.389868	-2.89955
-0.418864	-2.93254
-0.448189	-2.96462
-0.477835	-2.99567
-0.507792	-3.02557
-0.538048	-3.05418
-0.568589	-3.08134
-0.599403	-3.10694
-0.630472	-3.1308
-0.66178	-3.15279
-0.693308	-3.17275
-0.725036	-3.19054
-0.756941	-3.20599
-0.789001	-3.21895
-0.82119	-3.22929
-0.853483	-3.23685
-0.885852	-3.2415
-0.918267	-3.24311
-0.950698	-3.24156
-0.983114	-3.23672
-1.01548	-3.22852
-1.04777	-3.21685
-1.07993	-3.20166
-1.11195	-3.18287
-1.14378	-3.16046
-1.17538	-3.13441
-1.20673	-3.10472
-1.23778	-3.07141
-1.26849	-3.03452
-1.29884	-2.99411
-1.32878	-2.95027
-1.35828	-2.9031
-1.38731	-2.85272
-1.41584	-2.79928
-1.44383	-2.74294
-1.47126	-2.68388
-1.4981	-2.62228
-1.52432	-2.55836
-1.5499	-2.49232
-1.57483	-2.4244
-1.59907	-2.35483
-1.62262	-2.28384
-1.64546	-2.21167
-1.66758	-2.13857
-1.68896	-2.06477
-1.70961	-1.9905
-1.72951	-1.916
-1.74867	-1.84147
-1.76709	-1.76715
-1.78476	-1.69321
-1.80169	-1.61986
-1.81789	-1.54727
-1.83336	-1.4756
-1.84812	-1.405
-1.86217	-1.33561
-1.87553	-1.26755
-1.8882	-1.20093
-1.90021	-1.13584
-1.91157	-1.07235
-1.92229	-1.01054
-1.9324	-0.950468
-1.9419	-0.892163
-1.95082	-0.835661
-1.95918	-0.780984
-1.96699	-0.728141
-1.97427	-0.677135
-1.98104	-0.62796
-1.98732	-0.580602
-1.99313	-0.535042
-1.99848	-0.491254
-2.00339	-0.449207
-2.00788	-0.408868
-2.01197	-0.370196
-2.01567	-0.333151
-2.01901	-0.297688
-2.02198	-0.263761
-2.02462	-0.231322
-2.02693	-0.200322
-2.02894	-0.170713
-2.03064	-0.142443
-2.03207	-0.115462
-2.03322	-0.0897219
-2.03412	-0.0651718
-2.03477	-0.0417634
-2.03519	-0.0194484
-2.03538	0.00182009
-2.03537	0.0220881
-2.03514	0.0414005
-2.03473	0.0598009
-2.03413	0.0773315
-2.03336	0.0940331
-2.03242	0.109945
-2.03132	0.125107
-2.03007	0.139553
-2.02867	0.15332
-2.02714	0.166442
-2.02548	0.17895
-2.02369	0.190877
-2.02178	0.202252
-2.01975	0.213102
-2.01762	0.223457
-2.01539	0.23334
-2.01306	0.242777
-2.01063	0.251792
-2.00811	0.260407
-2.00551	0.268642
-2.00282	0.27652
-2.00005	0.284058
-1.99721	0.291275
-1.9943	0.298188
-1.99132	0.304815
-1.98827	0.31117
-1.98516	0.317268
-1.98199	0.323124
-1.97876	0.328751
-1.97547	0.334161
-1.97213	0.339368
-1.96873	0.344381
-1.96529	0.349212
-1.9618	0.353872
-1.95826	0.358369
-1.95467	0.362713
-1.95105	0.366913
-1.94738	0.370977
-1.94367	0.374912
-1.93992	0.378727
-1.93613	0.382429
-1.93231	0.386023
-1.92845	0.389516
-1.92455	0.392915
-1.92062	0.396224
-1.91666	0.39945
-1.91267	0.402597
-1.90864	0.40567
-1.90458	0.408675
-1.9005	0.411614
-1.89638	0.414493
-1.89224	0.417314
-1.88806	0.420083
-1.88386	0.422803
-1.87963	0.425476
-1.87538	0.428106
-1.8711	0.430696
-1.86679	0.43325
-1.86246	0.435769
-1.8581	0.438256
-1.85372	0.440715
-1.84931	0.443146
-1.84488	0.445554
-1.84042	0.447939
-1.83594	0.450303
-1.83144	0.45265
-1.82691	0.45498
-1.82237	0.457295
-1.81779	0.459598
-1.8132	0.46189
-1.80858	0.464172
-1.80394	0.466446
-1.79927	0.468714
-1.79458	0.470976
-1.78987	0.473235
-1.78514	0.475491
-1.78039	0.477746
-1.77561	0.48
-1.77081	0.482256
-1.76599	0.484515
-1.76114	0.486776
-1.75627	0.489043
-1.75138	0.491314
-1.74647	0.493592
-1.74153	0.495878
-1.73658	0.498172
-1.73159	0.500475
-1.72659	0.502789
-1.72156	0.505113
-1.71651	0.50745
-1.71144	0.5098
-1.70634	0.512163
-1.70122	0.514541
-1.69607	0.516934
-1.6909	0.519343
-1.68571	0.521769
-1.68049	0.524212
-1.67525	0.526674
-1.66998	0.529156
-1.66469	0.531657
-1.65937	0.534179
-1.65403	0.536722
-1.64866	0.539288
-1.64327	0.541876
-1.63785	0.544488
-1.63241	0.547125
-1.62694	0.549786
-1.62144	0.552474
-1.61591	0.555188
-1.61036	0.55793
-1.60478	0.560699
-1.59918	0.563498
-1.59354	0.566326
-1.58788	0.569185
-1.58219	0.572074
-1.57646	0.574996
-1.57072	0.577951
-1.56494	0.580939
-1.55913	0.583961
-1.55329	0.587019
-1.54742	0.590112
-1.54152	0.593243
-1.53558	0.596411
-1.52962	0.599618
-1.52362	0.602864
-1.51759	0.606151
-1.51153	0.609479
-1.50544	0.612849
-1.49931	0.616262
-1.49315	0.619719
-1.48695	0.623222
-1.48072	0.62677
-1.47445	0.630366
-1.46815	0.63401
-1.46181	0.637703
-1.45543	0.641446
-1.44901	0.64524
-1.44256	0.649088
-1.43607	0.652988
-1.42954	0.656944
-1.42297	0.660956
-1.41636	0.665025
-1.40971	0.669152
-1.40302	0.67334
-1.39629	0.677588
-1.38951	0.6819
-1.38269	0.686275
-1.37583	0.690715
-1.36892	0.695222
-1.36197	0.699798
-1.35497	0.704443
-1.34793	0.709159
-1.34084	0.713949
-1.3337	0.718813
-1.32651	0.723753
-1.31927	0.728772
-1.31198	0.73387
-1.30464	0.73905
-1.29725	0.744313
-1.28981	0.749661
-1.28231	0.755097
-1.27476	0.760622
-1.26716	0.766239
-1.25949	0.771949
-1.25177	0.777755
-1.244	0.783658
-1.23616	0.789662
-1.22826	0.795768
-1.22031	0.80198
-1.21229	0.808299
-1.2042	0.814727
-1.19606	0.821269
-1.18784	0.827925
-1.17956	0.8347
-1.17122	0.841595
-1.1628	0.848615
-1.15432	0.855761
-1.14576	0.863036
-1.13713	0.870445
-1.12842	0.87799
-1.11964	0.885674
-1.11079	0.893502
-1.10185	0.901475
-1.09284	0.909599
-1.08374	0.917877
-1.07456	0.926312
-1.0653	0.934908
-1.05595	0.94367
-1.04651	0.952601
-1.03699	0.961706
-1.02737	0.970989
-1.01766	0.980454
-1.00786	0.990107
-0.997954	0.999951
-0.987955	1.00999
-0.977855	1.02023
-0.967653	1.03068
-0.957346	1.04134
-0.946932	1.05222
-0.93641	1.06332
-0.925777	1.07465
-0.91503	1.08621
-0.904168	1.09801
-0.893188	1.11006
-0.882088	1.12236
-0.870864	1.13492
-0.859515	1.14774
-0.848037	1.16083
-0.836429	1.1742
-0.824687	1.18786
-0.812809	1.2018
-0.80079	1.21605
-0.78863	1.2306
-0.776324	1.24546
-0.763869	1.26065
-0.751263	1.27616
-0.738501	1.29202
-0.725581	1.30821
-0.712499	1.32476
-0.699251	1.34167
-0.685835	1.35895
-0.672245	1.3766
-0.658479	1.39464
-0.644533	1.41307
-0.630402	1.43191
-0.616083	1.45116
-0.601571	1.47082
-0.586863	1.49092
-0.571954	1.51145
-0.55684	1.53242
-0.541515	1.55385
-0.525977	1.57574
-0.51022	1.59809
-0.494239	1.62093
-0.478029	1.64424
-0.461587	1.66805
-0.444906	1.69236
-0.427983	1.71717
-0.410811	1.74249
-0.393386	1.76832
-0.375703	1.79467
-0.357756	1.82155
-0.339541	1.84896
-0.321051	1.87689
-0.302282	1.90535
-0.283229	1.93434
-0.263885	1.96386
-0.244247	1.99391
-0.224308	2.02447
-0.204063	2.05556
-0.183507	2.08715
-0.162636	2.11923
-0.141444	2.15181
-0.119926	2.18485
-0.098077	2.21835
-0.0758935	2.25229
-0.0533706	2.28664
-0.0305042	2.32138
-0.00729043	2.35647
0.0162743	2.39189
0.0401931	2.42759
0.064469	2.46355
0.0891045	2.4997
0.114102	2.53601
0.139462	2.57241
0.165186	2.60885
0.191274	2.64527
0.217727	2.68158
0.244543	2.71772
0.27172	2.7536
0.299256	2.78914
0.327147	2.82424
0.35539	2.8588
0.383978	2.89271
0.412905	2.92586
0.442163	2.95814
0.471745	2.98941
0.501639	3.01956
0.531834	3.04844
0.562319	3.07591
0.593078	3.10184
0.624096	3.12607
0.655357	3.14845
0.686841	3.16884
0.71853	3.18708
0.750401	3.20302
0.782431	3.21651
0.814596	3.2274
0.84687	3.23554
0.879225	3.2408
0.911633	3.24304
0.944064	3.24214
0.976485	3.23798
1.00886	3.23048
1.04117	3.21953
1.07336	3.20506
1.10542	3.18701
1.13729	3.16535
1.16894	3.14004
1.20034	3.11109
1.23145	3.07852
1.26224	3.04235
1.29266	3.00266
1.32269	2.95951
1.35228	2.91301
1.38141	2.86328
1.41004	2.81046
1.43815	2.7547
1.4657	2.69617
1.49266	2.63508
1.51901	2.57161
1.54472	2.50599
1.56978	2.43844
1.59417	2.36918
1.61786	2.29846
1.64084	2.22652
1.66311	2.15359
1.68465	2.07991
1.70544	2.00572
1.7255	1.93125
1.74481	1.85671
1.76338	1.78233
1.78121	1.70829
1.79829	1.63481
1.81464	1.56205
1.83026	1.49018
1.84516	1.41935
1.85935	1.3497
1.87285	1.28136
1.88566	1.21444
1.89781	1.14902
1.9093	1.08521
1.92015	1.02305
1.93038	0.962615
1.94001	0.903944
1.94905	0.847072
1.95752	0.79202
1.96544	0.738801
1.97282	0.68742
1.9797	0.637871
1.98608	0.590143
1.99198	0.544217
1.99742	0.500069
2.00242	0.457669
2.007	0.416983
2.01117	0.377973
2.01495	0.340599
2.01835	0.304816
2.0214	0.270578
2.02411	0.237839
2.02649	0.206549
2.02855	0.176659
2.03032	0.148119
2.0318	0.120879
2.03301	0.0948891
2.03396	0.0700996
2.03466	0.0464615
2.03512	0.0239267
2.03536	0.00244789
2.03539	-0.0180211
2.03521	-0.0375254
2.03483	-0.0561089
2.03427	-0.073814
2.03353	-0.090682
2.03262	-0.106753
2.03156	-0.122064
2.03034	-0.136654
2.02897	-0.150557
2.02746	-0.163808
2.02583	-0.17644
2.02406	-0.188483
2.02218	-0.199968
2.02018	-0.210924
2.01807	-0.221378
2.01585	-0.231355
2.01354	-0.240882
2.01113	-0.249981
2.00863	-0.258676
2.00605	-0.266987
2.00338	-0.274937
2.00063	-0.282542
1.9978	-0.289824
1.9949	-0.296798
1.99193	-0.303482
1.9889	-0.309891
1.9858	-0.316041
1.98264	-0.321945
1.97942	-0.327618
1.97614	-0.333072
1.97281	-0.338319
1.96943	-0.343371
1.966	-0.348238
1.96251	-0.352932
1.95899	-0.357461
1.95541	-0.361836
1.95179	-0.366065
1.94813	-0.370156
1.94443	-0.374117
1.94069	-0.377956
1.93691	-0.38168
1.93309	-0.385296
1.92924	-0.388809
1.92535	-0.392227
1.92143	-0.395554
1.91747	-0.398797
1.91349	-0.401959
1.90947	-0.405047
1.90542	-0.408065
1.90134	-0.411018
1.89723	-0.413908
1.89309	-0.416742
1.88892	-0.419521
1.88472	-0.42225
1.8805	-0.424932
1.87625	-0.427571
1.87198	-0.430169
1.86767	-0.43273
1.86335	-0.435256
1.85899	-0.43775
1.85462	-0.440214
1.85021	-0.442651
1.84579	-0.445063
1.84134	-0.447452
1.83686	-0.449821
1.83236	-0.452171
1.82784	-0.454504
1.8233	-0.456823
1.81873	-0.459128
1.81414	-0.461422
1.80952	-0.463706
1.80489	-0.465981
1.80023	-0.46825
1.79554	-0.470514
1.79084	-0.472773
1.78611	-0.475029
1.78136	-0.477284
1.77659	-0.479539
1.77179	-0.481795
1.76698	-0.484052
1.76213	-0.486313
1.75727	-0.488578
1.75239	-0.490849
1.74748	-0.493126
1.74255	-0.49541
1.73759	-0.497702
1.73262	-0.500003
1.72762	-0.502314
1.72259	-0.504637
1.71755	-0.506971
1.71248	-0.509318
1.70738	-0.511678
1.70227	-0.514053
1.69713	-0.516443
1.69196	-0.518848
1.68677	-0.521271
1.68156	-0.523711
1.67632	-0.526169
1.67106	-0.528646
1.66577	-0.531143
1.66046	-0.533661
1.65513	-0.5362
1.64976	-0.538761
1.64438	-0.541345
1.63896	-0.543952
1.63352	-0.546583
1.62806	-0.54924
1.62257	-0.551922
1.61705	-0.55463
1.6115	-0.557366
1.60593	-0.56013
1.60033	-0.562923
1.5947	-0.565745
1.58904	-0.568597
1.58335	-0.571481
1.57764	-0.574396
1.57189	-0.577343
1.56612	-0.580325
1.56032	-0.58334
1.55448	-0.58639
1.54862	-0.589477
1.54273	-0.592599
1.5368	-0.59576
1.53084	-0.598959
1.52485	-0.602197
1.51883	-0.605475
1.51278	-0.608794
1.50669	-0.612156
1.50057	-0.61556
1.49441	-0.619008
1.48822	-0.622502
1.482	-0.626041
1.47573	-0.629626
1.46944	-0.63326
1.46311	-0.636943
1.45674	-0.640676
1.45033	-0.64446
1.44388	-0.648296
1.4374	-0.652186
1.43088	-0.65613
1.42432	-0.66013
1.41772	-0.664188
1.41108	-0.668303
1.40439	-0.672478
1.39767	-0.676714
1.3909	-0.681012
1.38409	-0.685374
1.37724	-0.689801
1.37034	-0.694294
1.3634	-0.698856
1.35641	-0.703487
1.34937	-0.708188
1.34229	-0.712963
1.33516	-0.717812
1.32798	-0.722736
1.32076	-0.727738
1.31348	-0.73282
1.30615	-0.737983
1.29877	-0.743229
1.29134	-0.74856
1.28385	-0.753978
1.27631	-0.759484
1.26872	-0.765082
1.26107	-0.770773
1.25336	-0.776559
1.24559	-0.782442
1.23777	-0.788425
1.22988	-0.794511
1.22194	-0.8007
1.21393	-0.806997
1.20586	-0.813403
1.19773	-0.819921
1.18953	-0.826554
1.18126	-0.833304
1.17293	-0.840175
1.16453	-0.847168
1.15606	-0.854288
1.14751	-0.861537
1.1389	-0.868918
1.13021	-0.876435
1.12145	-0.884091
1.1126	-0.891888
1.10369	-0.899832
1.09469	-0.907925
1.08561	-0.91617
1.07645	-0.924573
1.0672	-0.933136
1.05787	-0.941863
1.04845	-0.95076
1.03894	-0.959829
1.02934	-0.969075
1.01965	-0.978503
1.00987	-0.988117
0.999988	-0.997921
0.990009	-1.00792
0.97993	-1.01812
0.969748	-1.02853
0.959463	-1.03915
0.949072	-1.04998
0.938572	-1.06103
0.927962	-1.07231
0.917238	-1.08383
0.9064	-1.09558
0.895444	-1.10757
0.884369	-1.11982
0.87317	-1.13233
0.861847	-1.14509
0.850396	-1.15813
0.838815	-1.17144
0.8271	-1.18504
0.81525	-1.19892
0.803261	-1.21311
0.79113	-1.2276
0.778854	-1.2424
0.76643	-1.25752
0.753855	-1.27296
0.741125	-1.28874
0.728238	-1.30487
0.715189	-1.32134
0.701975	-1.33818
0.688594	-1.35538
0.67504	-1.37296
0.66131	-1.39092
0.647401	-1.40927
0.633308	-1.42802
0.619028	-1.44718
0.604556	-1.46676
0.589889	-1.48677
0.575021	-1.50721
0.559949	-1.52809
0.544668	-1.54943
0.529174	-1.57122
0.513461	-1.59348
0.497527	-1.61622
0.481365	-1.63943
0.46497	-1.66314
0.448339	-1.68734
0.431465	-1.71205
0.414345	-1.73726
0.396972	-1.76299
0.379342	-1.78924
0.36145	-1.81601
0.34329	-1.84331
0.324857	-1.87113
0.306145	-1.89948
0.287151	-1.92837
0.267867	-1.95778
0.248289	-1.98772
0.228412	-2.01818
0.20823	-2.04916
0.187739	-2.08064
0.166932	-2.11263
0.145806	-2.1451
0.124355	-2.17806
0.102574	-2.21146
0.0804596	-2.24531
0.0580065	-2.27958
0.0352107	-2.31424
0.0120683	-2.34926
-0.0114243	-2.38462
-0.0352704	-2.42027
-0.0594731	-2.45617
-0.0840348	-2.49229
-0.108958	-2.52857
-0.134243	-2.56496
-0.159893	-2.6014
-0.185907	-2.63782
-0.212285	-2.67416
-0.239027	-2.71034
-0.26613	-2.74629
-0.293593	-2.7819
-0.321412	-2.8171
-0.349583	-2.85177
-0.378101	-2.88583
-0.406959	-2.91914
-0.43615	-2.95161
-0.465667	-2.9831
-0.495498	-3.01349
-0.525632	-3.04264
-0.556059	-3.07041
-0.586763	-3.09667
-0.61773	-3.12126
-0.648942	-3.14403
-0.680382	-3.16484
-0.712031	-3.18353
-0.743866	-3.19996
-0.775866	-3.21396
-0.808005	-3.22539
-0.840259	-3.2341
-0.8726	-3.23996
-0.905	-3.24283
-0.937428	-3.24258
-0.969854	-3.2391
-1.00225	-3.23229
-1.03457	-3.22205
-1.06679	-3.20831
-1.09887	-3.19099
-1.13078	-3.17007
-1.16248	-3.14551
-1.19394	-3.11731
-1.22511	-3.08548
-1.25597	-3.05004
-1.28647	-3.01106
-1.31658	-2.96862
-1.34626	-2.92279
-1.37549	-2.87371
-1.40423	-2.82151
-1.43244	-2.76634
-1.46011	-2.70836
-1.48719	-2.64778
-1.51367	-2.58478
-1.53952	-2.51958
-1.56471	-2.4524
-1.58924	-2.38348
-1.61307	-2.31304
-1.6362	-2.24133
-1.65861	-2.16858
-1.6803	-2.09504
-1.70125	-2.02093
-1.72146	-1.9465
-1.74092	-1.87196
-1.75964	-1.79752
-1.77762	-1.7234
-1.79485	-1.64979
-1.81135	-1.57687
-1.82712	-1.5048
-1.84217	-1.43375
-1.8565	-1.36385
-1.87014	-1.29523
-1.8831	-1.22801
-1.89538	-1.16228
-1.907	-1.09813
-1.91798	-1.03563
-1.92834	-0.974837
-1.93808	-0.915803
-1.94724	-0.85856
-1.95583	-0.803134
-1.96386	-0.74954
-1.97135	-0.697783
-1.97833	-0.64786
-1.98481	-0.59976
-1.99081	-0.553468
-1.99634	-0.508958
-2.00143	-0.466203
-2.0061	-0.425169
-2.01035	-0.38582
-2.01421	-0.348115
-2.01769	-0.31201
-2.02081	-0.27746
-2.02358	-0.244418
-2.02603	-0.212835
-2.02815	-0.182663
-2.02998	-0.153851
-2.03152	-0.126349
-2.03278	-0.100107
-2.03378	-0.0750761
-2.03453	-0.0512064
-2.03505	-0.0284498
-2.03533	-0.00675873
-2.0354	0.0139132
-2.03526	0.0336112
-2.03492	0.0523796
-2.0344	0.070261
-2.0337	0.087297
-2.03282	0.103528
-2.03179	0.118992
-2.0306	0.133726
-2.02926	0.147767
-2.02778	0.161149
-2.02617	0.173904
-2.02443	0.186066
-2.02257	0.197662
-2.0206	0.208724
-2.01851	0.219278
-2.01632	0.229351
-2.01402	0.238968
-2.01163	0.248153
-2.00915	0.256929
-2.00658	0.265317
-2.00393	0.273339
-2.0012	0.281013
-1.99838	0.288359
-1.9955	0.295395
-1.99255	0.302137
-1.98953	0.308601
-1.98644	0.314803
-1.98329	0.320756
-1.98008	0.326475
-1.97682	0.331973
-1.9735	0.337261
-1.97013	0.342352
-1.9667	0.347257
-1.96323	0.351985
-1.95971	0.356548
-1.95615	0.360953
-1.95254	0.365211
-1.94888	0.36933
-1.94519	0.373317
-1.94146	0.377181
-1.93769	0.380927
-1.93388	0.384565
-1.93003	0.388098
-1.92615	0.391535
-1.92223	0.39488
-1.91829	0.39814
-1.9143	0.401319
-1.91029	0.404422
-1.90625	0.407453
-1.90217	0.410419
-1.89807	0.413322
-1.89394	0.416166
-1.88977	0.418956
-1.88558	0.421696
-1.88137	0.424387
-1.87712	0.427035
-1.87285	0.429641
-1.86856	0.432209
-1.86423	0.434742
-1.85989	0.437242
-1.85551	0.439712
-1.85112	0.442154
-1.8467	0.444571
-1.84225	0.446965
-1.83778	0.449338
-1.83329	0.451692
-1.82877	0.454028
-1.82423	0.45635
-1.81967	0.458657
-1.81508	0.460954
-1.81047	0.463239
-1.80584	0.465517
-1.80118	0.467787
-1.7965	0.470051
-1.7918	0.472311
-1.78708	0.474568
-1.78234	0.476823
-1.77757	0.479078
-1.77278	0.481333
-1.76796	0.48359
-1.76313	0.48585
-1.75827	0.488115
-1.75339	0.490384
-1.74848	0.492659
-1.74356	0.494942
-1.73861	0.497232
-1.73364	0.499531
-1.72864	0.501841
-1.72362	0.504161
-1.71858	0.506492
-1.71352	0.508837
-1.70843	0.511194
-1.70331	0.513566
-1.69818	0.515952
-1.69302	0.518355
-1.68784	0.520774
-1.68263	0.52321
-1.6774	0.525665
-1.67214	0.528138
-1.66686	0.530631
-1.66155	0.533144
-1.65622	0.535679
-1.65086	0.538235
-1.64548	0.540814
-1.64007	0.543416
-1.63464	0.546043
-1.62918	0.548694
-1.62369	0.551371
-1.61818	0.554074
-1.61264	0.556804
-1.60707	0.559562
-1.60147	0.562349
-1.59585	0.565165
-1.5902	0.568011
-1.58452	0.570888
-1.57881	0.573797
-1.57307	0.576738
-1.5673	0.579712
-1.56151	0.58272
-1.55568	0.585763
-1.54982	0.588842
-1.54393	0.591957
-1.53801	0.59511
-1.53206	0.598301
-1.52608	0.601531
-1.52006	0.604801
-1.51402	0.608112
-1.50794	0.611465
-1.50182	0.61486
-1.49567	0.618299
-1.48949	0.621783
-1.48327	0.625313
-1.47702	0.628889
-1.47073	0.632513
-1.4644	0.636185
-1.45804	0.639908
-1.45164	0.643681
-1.44521	0.647507
-1.43873	0.651386
-1.43222	0.655319
-1.42566	0.659307
-1.41907	0.663353
-1.41244	0.667456
-1.40576	0.671619
-1.39905	0.675842
-1.39229	0.680128
-1.38549	0.684477
-1.37864	0.68889
-1.37175	0.69337
-1.36482	0.697917
-1.35784	0.702533
-1.35082	0.707221
-1.34374	0.71198
-1.33662	0.716813
-1.32946	0.721722
-1.32224	0.726709
-1.31497	0.731774
-1.30765	0.73692
-1.30028	0.742149
-1.29286	0.747462
-1.28539	0.752862
-1.27786	0.75835
-1.27028	0.763929
-1.26264	0.769601
-1.25494	0.775367
-1.24719	0.781231
-1.23937	0.787193
-1.2315	0.793257
-1.22357	0.799425
-1.21558	0.8057
-1.20752	0.812083
-1.1994	0.818578
-1.19121	0.825187
-1.18296	0.831913
-1.17464	0.838759
-1.16625	0.845727
-1.1578	0.852821
-1.14927	0.860043
-1.14067	0.867397
-1.13199	0.874886
-1.12324	0.882513
-1.11442	0.890281
-1.10552	0.898195
-1.09654	0.906257
-1.08747	0.914471
-1.07833	0.922841
-1.0691	0.931371
-1.05979	0.940064
-1.05039	0.948925
-1.0409	0.957959
-1.03132	0.967168
-1.02164	0.976559
-1.01188	0.986134
-1.00202	0.9959
-0.992059	1.00586
-0.982	1.01602
-0.97184	1.02638
-0.961576	1.03696
-0.951206	1.04774
-0.940729	1.05875
-0.930141	1.06999
-0.919442	1.08145
-0.908627	1.09315
-0.897696	1.1051
-0.886645	1.1173
-0.875472	1.12975
-0.864174	1.14246
-0.85275	1.15544
-0.841195	1.1687
-0.829508	1.18223
-0.817686	1.19606
-0.805725	1.21018
-0.793623	1.22461
-0.781377	1.23934
-0.768984	1.2544
-0.75644	1.26978
-0.743742	1.28549
-0.730887	1.30154
-0.717872	1.31794
-0.704692	1.3347
-0.691345	1.35183
-0.677827	1.36933
-0.664134	1.38721
-0.650262	1.40548
-0.636207	1.42415
-0.621965	1.44323
-0.607533	1.46272
-0.592906	1.48264
-0.578079	1.50299
-0.563049	1.52378
-0.547812	1.54503
-0.532361	1.56672
-0.516694	1.58889
-0.500805	1.61153
-0.48469	1.63464
-0.468344	1.65825
-0.451761	1.68235
-0.434938	1.70695
-0.417868	1.73206
-0.400547	1.75769
-0.38297	1.78383
-0.365132	1.81049
-0.347027	1.83768
-0.328651	1.86539
-0.309997	1.89364
-0.29106	1.92241
-0.271836	1.95172
