1.01	0.99
1.0199	0.979701
1.0297	0.969108
1.03939	0.958227
1.04897	0.947063
1.05844	0.935624
1.0678	0.923914
1.07704	0.91194
1.08616	0.899711
1.09515	0.887232
1.10403	0.874512
1.11277	0.861558
1.12139	0.848377
1.12987	0.834979
1.13822	0.82137
1.14643	0.807561
1.15451	0.793558
1.16244	0.779371
1.17024	0.765009
1.17789	0.75048
1.18539	0.735794
1.19275	0.720959
1.19996	0.705984
1.20702	0.690879
1.21393	0.675652
1.22069	0.660313
1.22729	0.64487
1.23374	0.629332
1.24003	0.613709
1.24617	0.598009
1.25215	0.582241
1.25797	0.566413
1.26363	0.550534
1.26914	0.534612
1.27449	0.518656
1.27967	0.502673
1.2847	0.486671
1.28957	0.470659
1.29427	0.454643
1.29882	0.438631
1.30321	0.422629
1.30743	0.406646
1.3115	0.390687
1.3154	0.374759
1.31915	0.358868
1.32274	0.34302
1.32617	0.327221
1.32944	0.311477
1.33256	0.295792
1.33552	0.280172
1.33832	0.264622
1.34096	0.249145
1.34346	0.233747
1.34579	0.218431
1.34798	0.203201
1.35001	0.188061
1.35189	0.173014
1.35362	0.158063
1.3552	0.143212
1.35663	0.128461
1.35792	0.113815
1.35906	0.0992758
1.36005	0.0848443
1.3609	0.0705229
1.3616	0.056313
1.36217	0.0422161
1.36259	0.0282333
1.36287	0.0143656
1.36301	0.000613693
1.36302	-0.0130217
1.36289	-0.0265402
1.36262	-0.0399415
1.36222	-0.0532256
1.36169	-0.0663924
1.36103	-0.0794422
1.36023	-0.0923753
1.35931	-0.105192
1.35826	-0.117894
1.35708	-0.13048
1.35577	-0.142953
1.35435	-0.155312
1.35279	-0.16756
1.35112	-0.179697
1.34932	-0.191725
1.3474	-0.203645
1.34537	-0.215458
1.34321	-0.227166
1.34094	-0.238772
1.33855	-0.250275
1.33605	-0.261679
1.33343	-0.272986
1.3307	-0.284196
1.32786	-0.295313
1.32491	-0.306337
1.32184	-0.317272
1.31867	-0.32812
1.31539	-0.338882
1.312	-0.349561
1.30851	-0.36016
1.3049	-0.37068
1.3012	-0.381124
1.29739	-0.391494
1.29347	-0.401793
1.28945	-0.412024
1.28533	-0.422188
1.28111	-0.432288
1.27679	-0.442327
1.27236	-0.452308
1.26784	-0.462232
1.26322	-0.472103
1.2585	-0.481922
1.25368	-0.491694
1.24876	-0.50142
1.24375	-0.511102
1.23864	-0.520744
1.23343	-0.530349
1.22813	-0.539918
1.22273	-0.549455
1.21723	-0.558962
1.21164	-0.568442
1.20596	-0.577898
1.20018	-0.587332
1.19431	-0.596747
1.18834	-0.606146
1.18228	-0.615531
1.17612	-0.624905
1.16987	-0.634271
1.16353	-0.643632
1.15709	-0.65299
1.15056	-0.662348
1.14394	-0.671709
1.13722	-0.681076
1.13041	-0.690451
1.12351	-0.699836
1.11651	-0.709236
1.10942	-0.718652
1.10223	-0.728088
1.09495	-0.737545
1.08757	-0.747028
1.0801	-0.756538
1.07254	-0.766078
1.06488	-0.775652
1.05712	-0.785262
1.04927	-0.79491
1.04132	-0.8046
1.03327	-0.814335
1.02513	-0.824117
1.01689	-0.833948
1.00855	-0.843833
1.00011	-0.853774
0.991573	-0.863773
0.982936	-0.873834
0.974197	-0.883959
0.965358	-0.894151
0.956416	-0.904413
0.947372	-0.914749
0.938225	-0.92516
0.928973	-0.93565
0.919617	-0.946222
0.910154	-0.956878
0.900586	-0.967622
0.890909	-0.978456
0.881125	-0.989383
0.871231	-1.00041
0.861227	-1.01153
0.851112	-1.02275
0.840884	-1.03408
0.830543	-1.04552
0.820088	-1.05707
0.809517	-1.06873
0.79883	-1.08051
0.788025	-1.09241
0.777101	-1.10443
0.766056	-1.11658
0.754891	-1.12885
0.743602	-1.14126
0.73219	-1.15379
0.720652	-1.16647
0.708987	-1.17928
0.697194	-1.19224
0.685272	-1.20533
0.673218	-1.21858
0.661033	-1.23198
0.648713	-1.24552
0.636258	-1.25922
0.623665	-1.27308
0.610935	-1.2871
0.598064	-1.30127
0.585051	-1.31561
0.571895	-1.33012
0.558594	-1.34479
0.545146	-1.35962
0.53155	-1.37463
0.517803	-1.38981
0.503905	-1.40516
0.489854	-1.42068
0.475647	-1.43638
0.461283	-1.45225
0.446761	-1.46829
0.432078	-1.48451
0.417233	-1.50091
0.402224	-1.51748
0.387049	-1.53422
0.371707	-1.55113
0.356195	-1.56822
0.340513	-1.58547
0.324658	-1.60289
0.308629	-1.62048
0.292425	-1.63823
0.276042	-1.65613
0.259481	-1.67419
0.242739	-1.6924
0.225815	-1.71076
0.208708	-1.72925
0.191415	-1.74787
0.173936	-1.76663
0.15627	-1.7855
0.138415	-1.80448
0.12037	-1.82356
0.102135	-1.84274
0.0837073	-1.86199
0.0650874	-1.88132
0.0462742	-1.90071
0.0272671	-1.92014
0.00806575	-1.93959
-0.0113302	-1.95907
-0.0309209	-1.97854
-0.0507064	-1.998
-0.0706864	-2.01742
-0.0908606	-2.03679
-0.111229	-2.05608
-0.131789	-2.07528
-0.152542	-2.09435
-0.173486	-2.11328
-0.194618	-2.13204
-0.215939	-2.15061
-0.237445	-2.16895
-0.259134	-2.18705
-0.281005	-2.20486
-0.303053	-2.22235
-0.325277	-2.23951
-0.347672	-2.25628
-0.370235	-2.27264
-0.392961	-2.28855
-0.415847	-2.30397
-0.438886	-2.31886
-0.462075	-2.3332
-0.485407	-2.34693
-0.508876	-2.36001
-0.532476	-2.37241
-0.556201	-2.38409
-0.580041	-2.39499
-0.603991	-2.40508
-0.628042	-2.41432
-0.652185	-2.42266
-0.676412	-2.43006
-0.700712	-2.43648
-0.725077	-2.44187
-0.749496	-2.4462
-0.773958	-2.44943
-0.798452	-2.45151
-0.822967	-2.45241
-0.847491	-2.4521
-0.872012	-2.45053
-0.896518	-2.44768
-0.920994	-2.44352
-0.94543	-2.43802
-0.96981	-2.43115
-0.994121	-2.4229
-1.01835	-2.41324
-1.04248	-2.40216
-1.0665	-2.38966
-1.0904	-2.37571
-1.11416	-2.36031
-1.13776	-2.34347
-1.1612	-2.3252
-1.18445	-2.30548
-1.2075	-2.28435
-1.23035	-2.26181
-1.25296	-2.23789
-1.27534	-2.2126
-1.29747	-2.18599
-1.31933	-2.15807
-1.34091	-2.1289
-1.3622	-2.0985
-1.38318	-2.06692
-1.40385	-2.03422
-1.4242	-2.00043
-1.4442	-1.96562
-1.46386	-1.92983
-1.48315	-1.89314
-1.50209	-1.85559
-1.52064	-1.81726
-1.53881	-1.77821
-1.5566	-1.73849
-1.57398	-1.69819
-1.59096	-1.65736
-1.60754	-1.61607
-1.6237	-1.5744
-1.63944	-1.5324
-1.65476	-1.49014
-1.66967	-1.44769
-1.68414	-1.40511
-1.69819	-1.36247
-1.71182	-1.31982
-1.72502	-1.27722
-1.73779	-1.23474
-1.75014	-1.19242
-1.76206	-1.15032
-1.77356	-1.10849
-1.78465	-1.06697
-1.79532	-1.02581
-1.80558	-0.98505
-1.81543	-0.944731
-1.82487	-0.904887
-1.83392	-0.865553
-1.84258	-0.826759
-1.85085	-0.788531
-1.85873	-0.750896
-1.86624	-0.713875
-1.87338	-0.677488
-1.88015	-0.641752
-1.88657	-0.606683
-1.89264	-0.572291
-1.89836	-0.538587
-1.90375	-0.50558
-1.9088	-0.473275
-1.91354	-0.441676
-1.91795	-0.410785
-1.92206	-0.380602
-1.92587	-0.351127
-1.92938	-0.322356
-1.9326	-0.294286
-1.93554	-0.266912
-1.93821	-0.240226
-1.94062	-0.214222
-1.94276	-0.18889
-1.94465	-0.164222
-1.94629	-0.140208
-1.94769	-0.116836
-1.94886	-0.094095
-1.9498	-0.0719736
-1.95052	-0.0504591
-1.95102	-0.0295387
-1.95132	-0.00919947
-1.95141	0.010572
-1.95131	0.0297893
-1.95101	0.048466
-1.95052	0.0666159
-1.94986	0.0842529
-1.94902	0.101391
-1.948	0.118043
-1.94682	0.134224
-1.94548	0.149948
-1.94398	0.165226
-1.94233	0.180075
-1.94053	0.194505
-1.93858	0.208531
-1.9365	0.222165
-1.93427	0.235421
-1.93192	0.24831
-1.92944	0.260844
-1.92683	0.273036
-1.9241	0.284898
-1.92125	0.296441
-1.91828	0.307675
-1.91521	0.318613
-1.91202	0.329265
-1.90873	0.33964
-1.90533	0.34975
-1.90184	0.359604
-1.89824	0.369211
-1.89455	0.378582
-1.89076	0.387725
-1.88688	0.396649
-1.88292	0.405362
-1.87886	0.413873
-1.87473	0.42219
-1.8705	0.430321
-1.8662	0.438273
-1.86182	0.446054
-1.85736	0.453671
-1.85282	0.461131
-1.84821	0.46844
-1.84352	0.475605
-1.83877	0.482633
-1.83394	0.489528
-1.82905	0.496299
-1.82408	0.502949
-1.81905	0.509485
-1.81396	0.515911
-1.8088	0.522234
-1.80358	0.528458
-1.79829	0.534589
-1.79295	0.54063
-1.78754	0.546586
-1.78208	0.552462
-1.77655	0.558262
-1.77097	0.563991
-1.76533	0.569652
-1.75963	0.575249
-1.75388	0.580787
-1.74807	0.586268
-1.74221	0.591696
-1.73629	0.597076
-1.73032	0.602409
-1.7243	0.6077
-1.71822	0.612952
-1.71209	0.618168
-1.70591	0.62335
-1.69968	0.628503
-1.69339	0.633628
-1.68705	0.638728
-1.68067	0.643807
-1.67423	0.648866
-1.66774	0.653909
-1.6612	0.658938
-1.65461	0.663956
-1.64797	0.668964
-1.64128	0.673965
-1.63454	0.678963
-1.62775	0.683958
-1.62091	0.688953
-1.61402	0.69395
-1.60708	0.698952
-1.60009	0.70396
-1.59306	0.708977
-1.58597	0.714005
-1.57883	0.719045
-1.57163	0.724101
-1.56439	0.729172
-1.5571	0.734263
-1.54976	0.739374
-1.54237	0.744507
-1.53492	0.749665
-1.52742	0.754849
-1.51988	0.760061
-1.51228	0.765303
-1.50462	0.770576
-1.49692	0.775883
-1.48916	0.781225
-1.48135	0.786605
-1.47348	0.792023
-1.46556	0.797482
-1.45758	0.802984
-1.44955	0.80853
-1.44147	0.814122
-1.43333	0.819761
-1.42513	0.825451
-1.41688	0.831192
-1.40856	0.836986
-1.40019	0.842835
-1.39177	0.848742
-1.38328	0.854706
-1.37473	0.860732
-1.36612	0.86682
-1.35746	0.872972
-1.34873	0.87919
-1.33993	0.885476
-1.33108	0.891832
-1.32216	0.89826
-1.31318	0.904761
-1.30413	0.911339
-1.29502	0.917994
-1.28584	0.924729
-1.27659	0.931545
-1.26727	0.938445
-1.25789	0.945431
-1.24844	0.952505
-1.23891	0.959669
-1.22931	0.966924
-1.21964	0.974274
-1.2099	0.981721
-1.20008	0.989266
-1.19019	0.996912
-1.18022	1.00466
-1.17018	1.01252
-1.16005	1.02048
-1.14985	1.02855
-1.13956	1.03674
-1.12919	1.04504
-1.11874	1.05345
-1.10821	1.06199
-1.09759	1.07065
-1.08688	1.07943
-1.07609	1.08835
-1.0652	1.09739
-1.05423	1.10656
-1.04316	1.11587
-1.03201	1.12532
-1.02075	1.13491
-1.0094	1.14464
-0.997958	1.15452
-0.986412	1.16454
-0.974767	1.17472
-0.96302	1.18505
-0.951169	1.19554
-0.939214	1.2062
-0.927152	1.21701
-0.914982	1.22799
-0.902702	1.23914
-0.89031	1.25046
-0.877806	1.26196
-0.865186	1.27363
-0.85245	1.28548
-0.839595	1.29752
-0.82662	1.30975
-0.813523	1.32216
-0.800301	1.33477
-0.786953	1.34757
-0.773478	1.36057
-0.759872	1.37377
-0.746134	1.38717
-0.732262	1.40078
-0.718255	1.4146
-0.704109	1.42863
-0.689822	1.44288
-0.675393	1.45734
-0.66082	1.47202
-0.6461	1.48692
-0.631231	1.50204
-0.61621	1.51739
-0.601036	1.53297
-0.585707	1.54877
-0.570219	1.5648
-0.554571	1.58106
-0.53876	1.59756
-0.522785	1.61428
-0.506642	1.63124
-0.49033	1.64843
-0.473845	1.66586
-0.457187	1.68351
-0.440352	1.7014
-0.423338	1.71952
-0.406142	1.73787
-0.388764	1.75644
-0.371199	1.77524
-0.353447	1.79426
-0.335504	1.81349
-0.31737	1.83294
-0.29904	1.8526
-0.280514	1.87246
-0.26179	1.89251
-0.242864	1.91276
-0.223737	1.93319
-0.204405	1.95379
-0.184867	1.97455
-0.165122	1.99547
-0.145167	2.01653
-0.125002	2.03773
-0.104624	2.05904
-0.0840339	2.08045
-0.0632295	2.10194
-0.04221	2.12351
-0.0209749	2.14513
0.000476421	2.16678
0.0221443	2.18845
0.0440287	2.2101
0.0661297	2.23172
0.0884469	2.25327
0.11098	2.27475
0.133727	2.2961
0.156688	2.31732
0.179861	2.33835
0.203245	2.35918
0.226837	2.37977
0.250634	2.40007
0.274635	2.42006
0.298836	2.43969
0.323233	2.45892
0.347822	2.47771
0.372599	2.49601
0.397559	2.51378
0.422697	2.53097
0.448006	2.54753
0.473482	2.56341
0.499116	2.57856
0.524901	2.59293
0.550831	2.60647
0.576895	2.61912
0.603086	2.63082
0.629395	2.64153
0.65581	2.65119
0.682322	2.65974
0.708919	2.66713
0.73559	2.67331
0.762324	2.67822
0.789106	2.68181
0.815924	2.68404
0.842764	2.68486
0.869613	2.68421
0.896455	2.68205
0.923276	2.67836
0.950059	2.67308
0.97679	2.66618
1.00345	2.65763
1.03003	2.64742
1.0565	2.6355
1.08286	2.62187
1.10908	2.60652
1.13514	2.58943
1.16104	2.57061
1.18674	2.55005
1.21224	2.52777
1.23752	2.50378
1.26256	2.4781
1.28734	2.45075
1.31185	2.42177
1.33606	2.3912
1.35998	2.35906
1.38357	2.32542
1.40682	2.29033
1.42972	2.25383
1.45226	2.216
1.47442	2.1769
1.49619	2.1366
1.51756	2.09518
1.53851	2.0527
1.55904	2.00926
1.57913	1.96492
1.59878	1.91978
1.61798	1.87392
1.63671	1.82742
1.65499	1.78038
1.67279	1.73287
1.69012	1.68498
1.70697	1.63679
1.72334	1.5884
1.73922	1.53988
1.75462	1.4913
1.76954	1.44276
1.78396	1.39431
1.79791	1.34604
1.81137	1.29801
1.82435	1.25029
1.83685	1.20294
1.84888	1.15601
1.86044	1.10957
1.87153	1.06365
1.88217	1.01832
1.89235	0.973606
1.90209	0.929553
1.91139	0.886197
1.92025	0.843569
1.92868	0.801697
1.9367	0.760605
1.94431	0.720316
1.95151	0.680845
1.95832	0.642209
1.96474	0.60442
1.97078	0.567485
1.97646	0.53141
1.98177	0.496201
1.98674	0.461857
1.99135	0.428379
1.99564	0.395761
1.9996	0.364001
2.00324	0.333091
2.00657	0.303023
2.0096	0.273787
2.01233	0.245372
2.01479	0.217766
2.01697	0.190956
2.01888	0.164927
2.02052	0.139666
2.02192	0.115155
2.02307	0.0913798
2.02399	0.0683229
2.02467	0.0459674
2.02513	0.024296
2.02537	0.00329125
2.02541	-0.0170646
2.02523	-0.0367892
2.02487	-0.0559005
2.02431	-0.0744162
2.02356	-0.092354
2.02264	-0.109731
2.02154	-0.126566
2.02028	-0.142875
2.01885	-0.158675
2.01726	-0.173983
2.01552	-0.188815
2.01363	-0.203188
2.0116	-0.217118
2.00943	-0.230619
2.00712	-0.243708
2.00469	-0.256398
2.00212	-0.268705
1.99944	-0.280642
1.99663	-0.292224
1.99371	-0.303463
1.99067	-0.314372
1.98753	-0.324965
1.98428	-0.335253
1.98093	-0.345248
1.97747	-0.354962
1.97393	-0.364406
1.97028	-0.37359
1.96655	-0.382526
1.96272	-0.391224
1.95881	-0.399692
1.95481	-0.407941
1.95073	-0.41598
1.94657	-0.423818
1.94233	-0.431463
1.93802	-0.438923
1.93363	-0.446207
1.92917	-0.453322
1.92463	-0.460275
1.92003	-0.467075
1.91536	-0.473727
1.91062	-0.480239
1.90582	-0.486617
1.90095	-0.492866
1.89603	-0.498994
1.89104	-0.505006
1.88599	-0.510907
1.88088	-0.516703
1.87571	-0.5224
1.87049	-0.528001
1.86521	-0.533513
1.85987	-0.538939
1.85448	-0.544285
1.84904	-0.549554
1.84354	-0.554751
1.838	-0.55988
1.8324	-0.564945
1.82675	-0.569949
1.82105	-0.574897
1.8153	-0.579791
1.8095	-0.584636
1.80365	-0.589435
1.79776	-0.594191
1.79182	-0.598906
1.78583	-0.603585
1.77979	-0.60823
1.77371	-0.612843
1.76758	-0.617428
1.76141	-0.621988
1.75519	-0.626524
1.74892	-0.63104
1.74261	-0.635538
1.73626	-0.64002
1.72986	-0.644489
1.72341	-0.648947
1.71692	-0.653395
1.71039	-0.657838
1.70381	-0.662275
1.69719	-0.666711
1.69052	-0.671145
1.68381	-0.675582
1.67705	-0.680021
1.67025	-0.684466
1.66341	-0.688919
1.65652	-0.69338
1.64959	-0.697852
1.64261	-0.702337
1.63558	-0.706837
1.62852	-0.711352
1.6214	-0.715885
1.61424	-0.720438
1.60704	-0.725012
1.59979	-0.729608
1.59249	-0.734229
1.58515	-0.738876
1.57776	-0.74355
1.57033	-0.748254
1.56284	-0.752989
1.55531	-0.757755
1.54774	-0.762556
1.54011	-0.767392
1.53244	-0.772265
1.52471	-0.777176
1.51694	-0.782128
1.50912	-0.787121
1.50125	-0.792157
1.49333	-0.797238
1.48536	-0.802365
1.47733	-0.80754
1.46926	-0.812764
1.46113	-0.818039
1.45295	-0.823366
1.44471	-0.828747
1.43643	-0.834184
1.42809	-0.839679
1.41969	-0.845232
1.41124	-0.850845
1.40273	-0.856521
1.39416	-0.86226
1.38554	-0.868064
1.37686	-0.873936
1.36812	-0.879876
1.35932	-0.885887
1.35046	-0.89197
1.34154	-0.898127
1.33256	-0.90436
1.32352	-0.91067
1.31441	-0.91706
1.30524	-0.923531
1.29601	-0.930085
1.2867	-0.936724
1.27734	-0.94345
1.2679	-0.950264
1.2584	-0.95717
1.24883	-0.964168
1.23919	-0.971261
1.22947	-0.978451
1.21969	-0.98574
1.20983	-0.99313
1.1999	-1.00062
1.18989	-1.00822
1.17981	-1.01593
1.16965	-1.02374
1.15942	-1.03167
1.1491	-1.03972
1.1387	-1.04787
1.12822	-1.05615
1.11766	-1.06455
1.10702	-1.07308
1.09629	-1.08173
1.08547	-1.09051
1.07456	-1.09942
1.06357	-1.10846
1.05248	-1.11764
1.04131	-1.12697
1.03004	-1.13643
1.01867	-1.14604
1.00721	-1.15579
0.995655	-1.1657
0.983999	-1.17575
0.972241	-1.18597
0.960381	-1.19634
0.948418	-1.20687
0.936349	-1.21757
0.924174	-1.22843
0.911889	-1.23947
0.899495	-1.25067
0.886988	-1.26206
0.874367	-1.27362
0.861631	-1.28536
0.848778	-1.29729
0.835805	-1.3094
0.822711	-1.32171
0.809494	-1.3342
0.796152	-1.3469
0.782683	-1.35979
0.769085	-1.37289
0.755356	-1.38619
0.741494	-1.39969
0.727497	-1.41341
0.713363	-1.42734
0.699089	-1.44148
0.684675	-1.45584
0.670116	-1.47042
0.655412	-1.48522
0.64056	-1.50025
0.625557	-1.5155
0.610402	-1.53098
0.595092	-1.54669
0.579625	-1.56263
0.563999	-1.57881
0.548211	-1.59521
0.532259	-1.61185
0.51614	-1.62873
0.499853	-1.64584
0.483395	-1.66318
0.466763	-1.68076
0.449955	-1.69857
0.43297	-1.71662
0.415803	-1.7349
0.398454	-1.75341
0.38092	-1.77214
0.363199	-1.7911
0.345288	-1.81028
0.327185	-1.82968
0.308888	-1.84929
0.290396	-1.8691
0.271705	-1.88912
0.252813	-1.90934
0.23372	-1.92974
0.214423	-1.95032
0.194919	-1.97107
0.175209	-1.99198
0.155289	-2.01304
0.135158	-2.03424
0.114816	-2.05556
0.0942604	-2.07699
0.0734905	-2.09852
0.0525053	-2.12013
0.031304	-2.1418
0.00988602	-2.16351
-0.011749	-2.18524
-0.0336014	-2.20697
-0.0556711	-2.22868
-0.0779579	-2.25034
-0.100461	-2.27193
-0.123181	-2.29341
-0.146115	-2.31477
-0.169262	-2.33596
-0.192622	-2.35696
-0.216192	-2.37773
-0.239969	-2.39823
-0.263951	-2.41843
-0.288135	-2.43829
-0.312518	-2.45777
-0.337096	-2.47682
-0.361864	-2.4954
-0.386818	-2.51347
-0.411953	-2.53098
-0.437263	-2.54787
-0.462741	-2.56411
-0.488383	-2.57963
-0.514179	-2.59439
-0.540123	-2.60833
-0.566206	-2.6214
-0.59242	-2.63355
-0.618756	-2.64472
-0.645203	-2.65486
-0.671751	-2.6639
-0.69839	-2.6718
-0.725108	-2.6785
-0.751893	-2.68395
-0.778733	-2.6881
-0.805614	-2.69089
-0.832523	-2.69228
-0.859446	-2.69222
-0.886368	-2.69066
-0.913275	-2.68757
-0.94015	-2.68289
-0.966979	-2.67661
-0.993745	-2.66867
-1.02043	-2.65907
-1.04702	-2.64777
-1.0735	-2.63475
-1.09985	-2.62
-1.12605	-2.60351
-1.15208	-2.58527
-1.17794	-2.56529
-1.20359	-2.54357
-1.22902	-2.52012
-1.25423	-2.49496
-1.27917	-2.46812
-1.30386	-2.43963
-1.32825	-2.40951
-1.35235	-2.37781
-1.37613	-2.34458
-1.39957	-2.30987
-1.42267	-2.27372
-1.44541	-2.23621
-1.46777	-2.1974
-1.48974	-2.15736
-1.51132	-2.11616
-1.53248	-2.07387
-1.55322	-2.03058
-1.57352	-1.98637
-1.59339	-1.94131
-1.6128	-1.8955
-1.63175	-1.84903
-1.65025	-1.80197
-1.66826	-1.75441
-1.68581	-1.70645
-1.70287	-1.65816
-1.71946	-1.60963
-1.73555	-1.56094
-1.75116	-1.51217
-1.76628	-1.46341
-1.78092	-1.41473
-1.79506	-1.3662
-1.80873	-1.31789
-1.8219	-1.26986
-1.8346	-1.22219
-1.84683	-1.17493
-1.85857	-1.12814
-1.86986	-1.08186
-1.88067	-1.03616
-1.89104	-0.991065
-1.90095	-0.946625
-1.91041	-0.902874
-1.91944	-0.859847
-1.92804	-0.817572
-1.93622	-0.776075
-1.94398	-0.735379
-1.95133	-0.695503
-1.95829	-0.656462
-1.96485	-0.618269
-1.97103	-0.580935
-1.97684	-0.544464
-1.98229	-0.508863
-1.98738	-0.474134
-1.99212	-0.440275
-1.99652	-0.407284
-2.00059	-0.375157
-2.00434	-0.343887
-2.00778	-0.313467
-2.01092	-0.283888
-2.01376	-0.255138
-2.01631	-0.227205
-2.01858	-0.200077
-2.02058	-0.173739
-2.02232	-0.148178
-2.0238	-0.123376
-2.02503	-0.0993187
-2.02603	-0.0759888
-2.02679	-0.0533692
-2.02732	-0.0314427
-2.02763	-0.0101916
-2.02774	0.0104018
-2.02763	0.0303555
-2.02733	0.0496874
-2.02683	0.0684154
-2.02615	0.0865573
-2.02528	0.104131
-2.02424	0.121154
-2.02303	0.137643
-2.02165	0.153617
-2.02012	0.169091
-2.01843	0.184083
-2.01659	0.198608
-2.0146	0.212684
-2.01247	0.226324
-2.01021	0.239546
-2.00781	0.252364
-2.00529	0.264792
-2.00264	0.276845
-1.99987	0.288537
-1.99699	0.299881
-1.99399	0.31089
-1.99088	0.321578
-1.98766	0.331957
-1.98435	0.342038
-1.98092	0.351834
-1.97741	0.361355
-1.97379	0.370613
-1.97009	0.379619
-1.96629	0.388382
-1.96241	0.396913
-1.95844	0.405221
-1.95439	0.413315
-1.95025	0.421205
-1.94604	0.428899
-1.94175	0.436406
-1.93739	0.443733
-1.93295	0.450889
-1.92844	0.457881
-1.92386	0.464716
-1.91921	0.471401
-1.9145	0.477944
-1.90972	0.48435
-1.90488	0.490627
-1.89997	0.496779
-1.895	0.502813
-1.88998	0.508735
-1.88489	0.51455
-1.87974	0.520264
-1.87454	0.525881
-1.86928	0.531406
-1.86397	0.536844
-1.8586	0.5422
-1.85318	0.547479
-1.8477	0.552683
-1.84218	0.557819
-1.8366	0.562888
-1.83097	0.567896
-1.82529	0.572847
-1.81956	0.577743
-1.81378	0.582588
-1.80796	0.587385
-1.80208	0.592139
-1.79616	0.596851
-1.79019	0.601526
-1.78418	0.606165
-1.77812	0.610773
-1.77201	0.615351
-1.76586	0.619902
-1.75966	0.62443
-1.75341	0.628936
-1.74712	0.633423
-1.74079	0.637894
-1.73441	0.64235
-1.72799	0.646795
-1.72152	0.65123
-1.71501	0.655657
-1.70845	0.660079
-1.70185	0.664498
-1.6952	0.668916
-1.68851	0.673334
-1.68178	0.677756
-1.675	0.682181
-1.66818	0.686614
-1.66132	0.691054
-1.65441	0.695505
-1.64745	0.699968
-1.64045	0.704444
-1.63341	0.708936
-1.62632	0.713445
-1.61918	0.717973
-1.612	0.722521
-1.60478	0.727091
-1.59751	0.731685
-1.59019	0.736304
-1.58283	0.74095
-1.57542	0.745624
-1.56796	0.750329
-1.56046	0.755065
-1.55291	0.759834
-1.54531	0.764638
-1.53766	0.769478
-1.52997	0.774356
-1.52222	0.779273
-1.51443	0.784231
-1.50659	0.789231
-1.4987	0.794275
-1.49075	0.799365
-1.48276	0.804501
-1.47472	0.809686
-1.46662	0.814921
-1.45847	0.820208
-1.45027	0.825548
-1.44201	0.830943
-1.4337	0.836394
-1.42534	0.841902
-1.41692	0.847471
-1.40844	0.8531
-1.39991	0.858793
-1.39133	0.86455
-1.38268	0.870373
-1.37398	0.876263
-1.36521	0.882223
-1.35639	0.888255
-1.34751	0.894359
-1.33857	0.900538
-1.32956	0.906794
-1.32049	0.913128
-1.31136	0.919542
-1.30217	0.926038
-1.2929	0.932618
-1.28358	0.939283
-1.27419	0.946036
-1.26473	0.952879
-1.2552	0.959814
-1.2456	0.966842
-1.23593	0.973965
-1.22619	0.981187
-1.21638	0.988508
-1.20649	0.995931
-1.19653	1.00346
-1.1865	1.01109
-1.17639	1.01883
-1.1662	1.02669
-1.15593	1.03465
-1.14559	1.04273
-1.13516	1.05093
-1.12465	1.05925
-1.11406	1.06769
-1.10338	1.07626
-1.09262	1.08495
-1.08177	1.09377
-1.07083	1.10273
-1.0598	1.11182
-1.04869	1.12105
-1.03747	1.13042
-1.02617	1.13993
-1.01477	1.14959
-1.00328	1.15939
-0.991682	1.16935
-0.979988	1.17946
-0.968194	1.18973
-0.956296	1.20015
-0.944295	1.21074
-0.932187	1.2215
-0.919972	1.23242
-0.907648	1.24351
-0.895213	1.25478
-0.882665	1.26622
-0.870003	1.27785
-0.857224	1.28965
-0.844328	1.30165
-0.831311	1.31383
-0.818173	1.3262
-0.804911	1.33877
-0.791524	1.35153
-0.778008	1.36449
-0.764363	1.37766
-0.750587	1.39103
-0.736676	1.40461
-0.72263	1.4184
-0.708446	1.4324
-0.694122	1.44662
-0.679656	1.46106
-0.665046	1.47572
-0.650288	1.4906
-0.635382	1.5057
-0.620325	1.52103
-0.605115	1.5366
-0.589749	1.55239
-0.574225	1.56841
-0.558541	1.58466
-0.542695	1.60115
-0.526683	1.61787
-0.510504	1.63483
-0.494156	1.65202
-0.477636	1.66945
-0.460941	1.68711
-0.44407	1.70501
-0.42702	1.72314
-0.409789	1.7415
-0.392374	1.76009
-0.374773	1.7789
-0.356984	1.79794
-0.339004	1.8172
-0.320832	1.83667
-0.302466	1.85636
-0.283902	1.87625
-0.26514	1.89633
-0.246176	1.91662
-0.22701	1.93708
-0.207639	1.95773
-0.188062	1.97854
-0.168277	1.9995
-0.148282	2.02061
-0.128076	2.04186
-0.107657	2.06322
-0.0870248	2.08469
-0.0661779	2.10625
-0.0451154	2.12788
-0.0238365	2.14957
-0.00234083	2.17129
0.0193721	2.19303
0.0413024	2.21476
0.0634499	2.23645
0.0858145	2.25809
0.108395	2.27965
0.131192	2.30109
0.154203	2.3224
0.177427	2.34353
0.200862	2.36445
0.224507	2.38513
0.248358	2.40554
0.272413	2.42562
0.296669	2.44536
0.321123	2.46469
0.34577	2.48358
0.370606	2.50199
0.395626	2.51987
0.420824	2.53717
0.446196	2.55384
0.471735	2.56983
0.497433	2.58509
0.523284	2.59957
0.54928	2.61322
0.575412	2.62597
0.601671	2.63778
0.628049	2.6486
0.654535	2.65836
0.681119	2.667
0.707789	2.67449
0.734534	2.68076
0.761341	2.68576
0.788199	2.68943
0.815093	2.69174
0.842011	2.69262
0.868937	2.69204
0.895857	2.68994
0.922757	2.68629
0.94962	2.68106
0.97643	2.67419
1.00317	2.66568
1.02983	2.65547
1.05638	2.64357
1.08282	2.62994
1.10912	2.61457
1.13526	2.59747
1.16124	2.57861
1.18703	2.55801
1.21261	2.53568
1.23796	2.51163
1.26308	2.48587
1.28794	2.45844
1.31252	2.42936
1.33682	2.39868
1.3608	2.36643
1.38447	2.33267
1.40779	2.29744
1.43077	2.2608
1.45338	2.22282
1.4756	2.18357
1.49744	2.1431
1.51887	2.1015
1.53989	2.05885
1.56047	2.01522
1.58063	1.97069
1.60033	1.92536
1.61959	1.8793
1.63838	1.8326
1.65671	1.78535
1.67456	1.73763
1.69194	1.68954
1.70883	1.64115
1.72524	1.59255
1.74117	1.54382
1.75661	1.49504
1.77156	1.4463
1.78602	1.39765
1.8	1.34919
1.81349	1.30096
1.8265	1.25305
1.83903	1.20552
1.85108	1.15841
1.86267	1.11179
1.87378	1.06571
1.88444	1.02021
1.89464	0.975338
1.9044	0.931134
1.91371	0.887631
1.92259	0.844863
1.93103	0.802857
1.93906	0.761637
1.94668	0.721226
1.95389	0.68164
1.96071	0.642895
1.96714	0.605001
1.97319	0.567969
1.97887	0.531803
1.98418	0.496507
1.98915	0.462083
1.99377	0.428529
1.99806	0.395842
2.00201	0.364017
2.00565	0.333047
2.00898	0.302924
2.01201	0.273637
2.01475	0.245176
2.0172	0.217528
2.01938	0.19068
2.02128	0.164617
2.02293	0.139325
2.02432	0.114787
2.02547	0.0909881
2.02638	0.0679105
2.02706	0.0455372
2.02752	0.0238509
2.02775	0.00283375
2.02778	-0.017532
2.02761	-0.0372642
2.02723	-0.0563809
2.02667	-0.0749
2.02592	-0.0928393
2.02499	-0.110216
2.02389	-0.127049
2.02262	-0.143354
2.02119	-0.159149
2.0196	-0.174451
2.01785	-0.189276
2.01596	-0.203641
2.01392	-0.217561
2.01175	-0.231051
2.00944	-0.244128
2.00699	-0.256807
2.00443	-0.2691
2.00174	-0.281024
1.99892	-0.292591
1.996	-0.303815
1.99296	-0.314709
1.98981	-0.325286
1.98656	-0.335558
1.98321	-0.345536
1.97975	-0.355234
1.9762	-0.36466
1.97255	-0.373828
1.96881	-0.382746
1.96499	-0.391425
1.96107	-0.399876
1.95707	-0.408107
1.95299	-0.416128
1.94883	-0.423947
1.94459	-0.431574
1.94027	-0.439016
1.93588	-0.446281
1.93142	-0.453378
1.92689	-0.460313
1.92228	-0.467094
1.91761	-0.473728
1.91288	-0.480221
1.90807	-0.48658
1.90321	-0.492812
1.89828	-0.498921
1.89329	-0.504915
1.88824	-0.510798
1.88313	-0.516576
1.87797	-0.522254
1.87275	-0.527838
1.86747	-0.533332
1.86213	-0.53874
1.85675	-0.544068
1.85131	-0.549319
1.84581	-0.554498
1.84027	-0.559609
1.83467	-0.564657
1.82903	-0.569643
1.82333	-0.574574
1.81758	-0.579451
1.81179	-0.584278
1.80595	-0.58906
1.80006	-0.593798
1.79412	-0.598496
1.78813	-0.603158
1.7821	-0.607785
1.77602	-0.612381
1.7699	-0.616949
1.76373	-0.621492
1.75751	-0.626011
1.75125	-0.630509
1.74495	-0.63499
1.7386	-0.639455
1.7322	-0.643906
1.72577	-0.648347
1.71928	-0.652779
1.71275	-0.657204
1.70618	-0.661624
1.69957	-0.666042
1.69291	-0.670459
1.6862	-0.674878
1.67945	-0.6793
1.67266	-0.683727
1.66582	-0.688162
1.65894	-0.692606
1.65201	-0.69706
1.64504	-0.701527
1.63803	-0.706008
1.63097	-0.710505
1.62386	-0.71502
1.61671	-0.719554
1.60952	-0.72411
1.60228	-0.728687
1.59499	-0.73329
1.58766	-0.737918
1.58028	-0.742573
1.57285	-0.747257
1.56538	-0.751972
1.55786	-0.756719
1.55029	-0.7615
1.54268	-0.766316
1.53501	-0.771169
1.5273	-0.77606
1.51954	-0.780991
1.51173	-0.785963
1.50387	-0.790978
1.49596	-0.796037
1.488	-0.801143
1.47999	-0.806296
1.47193	-0.811498
1.46381	-0.81675
1.45565	-0.822055
1.44743	-0.827414
1.43915	-0.832827
1.43082	-0.838298
1.42244	-0.843827
1.414	-0.849416
1.40551	-0.855067
1.39696	-0.860782
1.38835	-0.866561
1.37968	-0.872407
1.37096	-0.878321
1.36218	-0.884306
1.35333	-0.890362
1.34443	-0.896492
1.33546	-0.902697
1.32644	-0.90898
1.31735	-0.915341
1.30819	-0.921783
1.29898	-0.928307
1.28969	-0.934917
1.28034	-0.941612
1.27093	-0.948396
1.26144	-0.95527
1.25189	-0.962237
1.24227	-0.969298
1.23258	-0.976455
1.22281	-0.98371
1.21297	-0.991066
1.20306	-0.998525
1.19308	-1.00609
1.18302	-1.01376
1.17288	-1.02154
1.16266	-1.02943
1.15237	-1.03744
1.142	-1.04556
1.13154	-1.0538
1.121	-1.06216
1.11038	-1.07064
1.09967	-1.07925
1.08888	-1.08799
1.078	-1.09686
1.06703	-1.10586
1.05597	-1.115
1.04482	-1.12428
1.03358	-1.13369
1.02224	-1.14325
1.01081	-1.15296
0.999283	-1.16282
0.987655	-1.17283
0.975926	-1.18299
0.964096	-1.19332
0.952163	-1.2038
0.940125	-1.21444
0.927981	-1.22526
0.915728	-1.23624
0.903366	-1.24739
0.890892	-1.25872
0.878305	-1.27022
0.865602	-1.28191
0.852783	-1.29378
0.839845	-1.30584
0.826787	-1.31808
0.813606	-1.33052
0.800301	-1.34316
0.786869	-1.35599
0.77331	-1.36902
0.759619	-1.38226
0.745797	-1.3957
0.73184	-1.40935
0.717746	-1.42322
0.703514	-1.43729
0.689141	-1.45159
0.674625	-1.4661
0.659964	-1.48084
0.645156	-1.49579
0.630198	-1.51098
0.615088	-1.52639
0.599824	-1.54203
0.584404	-1.5579
0.568825	-1.574
0.553085	-1.59034
0.537182	-1.60691
0.521113	-1.62371
0.504875	-1.64075
0.488468	-1.65802
0.471888	-1.67553
0.455132	-1.69328
0.4382	-1.71125
0.421087	-1.72946
0.403792	-1.7479
0.386313	-1.76657
0.368648	-1.78546
0.350793	-1.80457
0.332747	-1.82391
0.314508	-1.84345
0.296074	-1.86321
0.277442	-1.88317
0.25861	-1.90333
0.239577	-1.92367
0.22034	-1.9442
0.200898	-1.9649
0.181249	-1.98577
0.161391	-2.00679
0.141324	-2.02794
0.121044	-2.04923
0.100552	-2.07063
0.0798454	-2.09214
0.0589241	-2.11372
0.0377868	-2.13538
0.0164331	-2.15708
-0.00513771	-2.17881
-0.0269258	-2.20054
-0.0489312	-2.22226
-0.0711538	-2.24394
-0.0935933	-2.26556
-0.116249	-2.28708
-0.13912	-2.30848
-0.162204	-2.32972
-0.185502	-2.35079
-0.20901	-2.37163
-0.232726	-2.39222
-0.256648	-2.41252
-0.280773	-2.43249
-0.305098	-2.45209
-0.329619	-2.47128
-0.354332	-2.49001
-0.379232	-2.50824
-0.404314	-2.52592
-0.429574	-2.54301
-0.455004	-2.55945
-0.480598	-2.5752
-0.50635	-2.59019
-0.532252	-2.60439
-0.558296	-2.61773
-0.584473	-2.63017
-0.610775	-2.64164
-0.637191	-2.6521
-0.663712	-2.66148
-0.690327	-2.66973
-0.717024	-2.6768
-0.743792	-2.68264
-0.770619	-2.68719
-0.797491	-2.69039
-0.824395	-2.69221
-0.851317	-2.69259
-0.878243	-2.69149
-0.905158	-2.68886
-0.932046	-2.68467
-0.958893	-2.67887
-0.985682	-2.67144
-1.0124	-2.66235
-1.03902	-2.65156
-1.06554	-2.63906
-1.09193	-2.62483
-1.11817	-2.60886
-1.14426	-2.59115
-1.17017	-2.57169
-1.19589	-2.55049
-1.2214	-2.52756
-1.24667	-2.50292
-1.2717	-2.47658
-1.29647	-2.44858
-1.32095	-2.41894
-1.34514	-2.38771
-1.36902	-2.35494
-1.39257	-2.32066
-1.41578	-2.28494
-1.43862	-2.24783
-1.4611	-2.2094
-1.4832	-2.16972
-1.50489	-2.12885
-1.52618	-2.08688
-1.54705	-2.04388
-1.56749	-1.99993
-1.58749	-1.95511
-1.60704	-1.90952
-1.62614	-1.86323
-1.64477	-1.81633
-1.66293	-1.76891
-1.68062	-1.72105
-1.69783	-1.67284
-1.71456	-1.62437
-1.7308	-1.57572
-1.74656	-1.52696
-1.76183	-1.47819
-1.77661	-1.42947
-1.79091	-1.38088
-1.80471	-1.33249
-1.81804	-1.28437
-1.83088	-1.23658
-1.84325	-1.18918
-1.85514	-1.14224
-1.86656	-1.0958
-1.87752	-1.04991
-1.88802	-1.00463
-1.89807	-0.959983
-1.90767	-0.916017
-1.91683	-0.872765
-1.92555	-0.830257
-1.93386	-0.78852
-1.94174	-0.747578
-1.94922	-0.70745
-1.95629	-0.668153
-1.96297	-0.629701
-1.96927	-0.592104
-1.97519	-0.55537
-1.98075	-0.519505
-1.98594	-0.48451
-1.99079	-0.450387
-1.99529	-0.417133
-1.99946	-0.384745
-2.00331	-0.353216
-2.00684	-0.32254
-2.01007	-0.292707
-2.01299	-0.263707
-2.01563	-0.235528
-2.01799	-0.208158
-2.02007	-0.181583
-2.02188	-0.155789
-2.02344	-0.130759
-2.02475	-0.106478
-2.02581	-0.0829305
-2.02664	-0.0600983
-2.02724	-0.0379644
-2.02762	-0.0165114
-2.02779	0.00427853
-2.02775	0.0244233
-2.0275	0.0439407
-2.02706	0.0628489
-2.02643	0.0811655
-2.02562	0.0989085
-2.02463	0.116095
-2.02347	0.132744
-2.02214	0.148871
-2.02066	0.164494
-2.01901	0.179629
-2.01721	0.194293
-2.01527	0.208502
-2.01319	0.222272
-2.01096	0.235618
-2.00861	0.248555
-2.00612	0.261099
-2.00351	0.273263
-2.00078	0.285062
-1.99793	0.296509
-1.99496	0.307617
-1.99189	0.3184
-1.9887	0.32887
-1.98541	0.33904
-1.98202	0.34892
-1.97853	0.358522
-1.97495	0.367858
-1.97127	0.376938
-1.9675	0.385773
-1.96364	0.394372
-1.9597	0.402745
-1.95567	0.410903
-1.95156	0.418853
-1.94737	0.426605
-1.94311	0.434166
-1.93877	0.441546
-1.93435	0.448753
-1.92986	0.455793
-1.92531	0.462674
-1.92068	0.469403
-1.91599	0.475988
-1.91123	0.482434
-1.9064	0.488748
-1.90151	0.494937
-1.89656	0.501006
-1.89155	0.50696
-1.88648	0.512807
-1.88136	0.51855
-1.87617	0.524195
-1.87093	0.529747
-1.86563	0.53521
-1.86028	0.54059
-1.85487	0.545891
-1.84941	0.551117
-1.8439	0.556272
-1.83834	0.561361
-1.83273	0.566387
-1.82706	0.571353
-1.82135	0.576265
-1.81559	0.581125
-1.80978	0.585936
-1.80392	0.590702
-1.79801	0.595426
-1.79206	0.600111
-1.78605	0.60476
-1.78001	0.609377
-1.77391	0.613963
-1.76777	0.618522
-1.76159	0.623056
-1.75536	0.627568
-1.74908	0.63206
-1.74276	0.636535
-1.7364	0.640995
-1.72999	0.645442
-1.72353	0.649879
-1.71703	0.654308
-1.71049	0.658731
-1.7039	0.663151
-1.69727	0.667568
-1.6906	0.671986
-1.68388	0.676405
-1.67711	0.680829
-1.6703	0.685259
-1.66345	0.689696
-1.65655	0.694143
-1.64961	0.698602
-1.64263	0.703074
-1.6356	0.70756
-1.62852	0.712063
-1.6214	0.716585
-1.61423	0.721126
-1.60702	0.725689
-1.59976	0.730275
-1.59246	0.734886
-1.58511	0.739523
-1.57772	0.744188
-1.57028	0.748883
-1.56279	0.753609
-1.55525	0.758367
-1.54767	0.76316
-1.54004	0.767989
-1.53236	0.772854
-1.52463	0.777759
-1.51685	0.782704
-1.50902	0.787691
-1.50115	0.792721
-1.49322	0.797796
-1.48524	0.802918
-1.47721	0.808087
-1.46913	0.813307
-1.461	0.818577
-1.45281	0.8239
-1.44457	0.829278
-1.43628	0.834711
-1.42793	0.840201
-1.41953	0.845751
-1.41107	0.851362
-1.40256	0.857034
-1.39399	0.862771
-1.38536	0.868573
-1.37668	0.874442
-1.36793	0.880381
-1.35913	0.88639
-1.35026	0.892471
-1.34134	0.898627
-1.33235	0.904859
-1.3233	0.911168
-1.31419	0.917557
-1.30502	0.924027
-1.29578	0.930581
-1.28647	0.93722
-1.2771	0.943946
-1.26766	0.950761
-1.25815	0.957666
-1.24858	0.964665
-1.23893	0.971759
-1.22921	0.97895
-1.21942	0.98624
-1.20956	0.993631
-1.19962	1.00113
-1.18961	1.00873
-1.17952	1.01643
-1.16936	1.02425
-1.15912	1.03218
-1.1488	1.04023
-1.13839	1.04839
-1.12791	1.05667
-1.11734	1.06507
-1.10669	1.0736
-1.09596	1.08226
-1.08513	1.09104
-1.07422	1.09995
-1.06322	1.109
-1.05213	1.11819
-1.04095	1.12751
-1.02968	1.13698
-1.01831	1.14659
-1.00684	1.15635
-0.995277	1.16626
-0.983614	1.17632
-0.971851	1.18654
-0.959986	1.19692
-0.948017	1.20746
-0.935942	1.21816
-0.92376	1.22903
-0.91147	1.24007
-0.899069	1.25128
-0.886557	1.26267
-0.87393	1.27424
-0.861187	1.28599
-0.848328	1.29793
-0.835348	1.31005
-0.822248	1.32236
-0.809024	1.33487
-0.795676	1.34757
-0.7822	1.36047
-0.768595	1.37357
-0.754859	1.38688
-0.740991	1.40039
-0.726987	1.41412
-0.712846	1.42806
-0.698565	1.44221
-0.684143	1.45658
-0.669577	1.47117
-0.654866	1.48598
-0.640006	1.50101
-0.624996	1.51628
-0.609833	1.53177
-0.594515	1.54749
-0.57904	1.56344
-0.563406	1.57962
-0.54761	1.59603
-0.531649	1.61269
-0.515523	1.62957
-0.499227	1.64669
-0.48276	1.66405
-0.46612	1.68164
-0.449303	1.69946
-0.432309	1.71752
-0.415133	1.7358
-0.397775	1.75432
-0.380232	1.77307
-0.362501	1.79204
-0.344581	1.81123
-0.326469	1.83064
-0.308162	1.85026
-0.28966	1.87008
-0.270959	1.89011
-0.252058	1.91033
-0.232955	1.93074
-0.213647	1.95133
-0.194134	1.97209
-0.174413	1.99301
-0.154483	2.01408
-0.134342	2.03528
-0.113989	2.05661
-0.093423	2.07805
-0.0726425	2.09959
-0.0516467	2.1212
-0.0304347	2.14287
-0.00900601	2.16458
0.0126398	2.18632
0.034503	2.20805
0.0565835	2.22976
0.0788811	2.25142
0.101395	2.273
0.124125	2.29449
0.14707	2.31584
0.170229	2.33702
0.193599	2.35801
0.217179	2.37877
0.240967	2.39927
0.264959	2.41946
0.289154	2.4393
0.313547	2.45877
0.338135	2.4778
0.362913	2.49637
0.387876	2.51441
0.41302	2.53189
0.438339	2.54876
0.463827	2.56497
0.489477	2.58046
0.515281	2.59519
0.541233	2.6091
0.567324	2.62214
0.593546	2.63424
0.619888	2.64537
0.646342	2.65546
0.672896	2.66446
0.699541	2.67231
0.726264	2.67896
0.753054	2.68436
0.779897	2.68845
0.806782	2.69118
0.833694	2.69251
0.860619	2.69238
0.887542	2.69076
0.91445	2.68759
0.941326	2.68285
0.968155	2.67649
0.994919	2.66849
1.0216	2.65881
1.04819	2.64743
1.07467	2.63434
1.10101	2.61951
1.12721	2.60294
1.15323	2.58463
1.17908	2.56457
1.20473	2.54277
1.23015	2.51924
1.25535	2.49401
1.28029	2.46709
1.30496	2.43852
1.32934	2.40833
1.35343	2.37656
1.37719	2.34326
1.40062	2.30848
1.42371	2.27227
1.44643	2.2347
1.46878	2.19583
1.49074	2.15573
1.51229	2.11447
1.53344	2.07213
1.55416	2.0288
1.57445	1.98454
1.59429	1.93945
1.61369	1.8936
1.63262	1.84709
1.6511	1.8
1.6691	1.75242
1.68662	1.70443
1.70366	1.65613
1.72023	1.60758
1.7363	1.55888
1.75189	1.51011
1.76699	1.46135
1.7816	1.41267
1.79573	1.36414
1.80937	1.31583
1.82253	1.26782
1.83521	1.22016
1.84741	1.17291
1.85914	1.12614
1.8704	1.07988
1.8812	1.0342
1.89154	0.989131
1.90143	0.944716
1.91088	0.900993
1.91989	0.857995
1.92847	0.815751
1.93663	0.774286
1.94437	0.733622
1.95171	0.69378
1.95864	0.654773
1.96519	0.616616
1.97136	0.579316
1.97715	0.542882
1.98258	0.507317
1.98765	0.472624
1.99238	0.438801
1.99677	0.405847
2.00083	0.373756
2.00456	0.342523
