1.01	0.99
1.0199	0.979303
1.02969	0.967923
1.03937	0.955876
1.04893	0.94318
1.05836	0.929854
1.06766	0.915919
1.07682	0.901398
1.08583	0.886316
1.0947	0.870697
1.1034	0.854568
1.11195	0.837958
1.12033	0.820895
1.12854	0.803409
1.13657	0.785529
1.14443	0.767287
1.1521	0.748713
1.15959	0.72984
1.16689	0.710698
1.17399	0.691319
1.18091	0.671734
1.18762	0.651974
1.19414	0.63207
1.20046	0.612051
1.20659	0.591946
1.2125	0.571785
1.21822	0.551595
1.22374	0.531403
1.22905	0.511234
1.23416	0.491113
1.23908	0.471063
1.24379	0.451107
1.2483	0.431267
1.25261	0.411561
1.25673	0.392009
1.26065	0.372629
1.26437	0.353435
1.26791	0.334444
1.27125	0.315669
1.27441	0.297122
1.27738	0.278815
1.28017	0.260757
1.28277	0.242958
1.2852	0.225426
1.28746	0.208166
1.28954	0.191185
1.29145	0.174487
1.2932	0.158077
1.29478	0.141956
1.2962	0.126128
1.29746	0.110592
1.29856	0.0953505
1.29952	0.0804017
1.30032	0.0657453
1.30098	0.0513795
1.30149	0.0373022
1.30187	0.0235108
1.3021	0.010002
1.3022	-0.0032277
1.30217	-0.0161823
1.30201	-0.0288663
1.30172	-0.0412843
1.30131	-0.0534414
1.30077	-0.0653428
1.30012	-0.076994
1.29935	-0.0884007
1.29846	-0.0995687
1.29747	-0.110504
1.29636	-0.121213
1.29515	-0.131702
1.29383	-0.141977
1.29241	-0.152045
1.29089	-0.161911
1.28927	-0.171583
1.28756	-0.181067
1.28575	-0.190369
1.28384	-0.199497
1.28185	-0.208455
1.27976	-0.217252
1.27759	-0.225893
1.27533	-0.234384
1.27299	-0.242732
1.27056	-0.250944
1.26805	-0.259025
1.26546	-0.266981
1.26279	-0.274819
1.26004	-0.282544
1.25722	-0.290163
1.25432	-0.297681
1.25134	-0.305104
1.24829	-0.312438
1.24517	-0.319689
1.24197	-0.326861
1.2387	-0.333961
1.23536	-0.340995
1.23195	-0.347966
1.22847	-0.354881
1.22492	-0.361746
1.2213	-0.368564
1.21762	-0.375342
1.21387	-0.382084
1.21004	-0.388795
1.20616	-0.395481
1.2022	-0.402147
1.19818	-0.408796
1.19409	-0.415436
1.18994	-0.422069
1.18572	-0.428702
1.18143	-0.435338
1.17708	-0.441984
1.17266	-0.448643
1.16817	-0.45532
1.16362	-0.462021
1.159	-0.468751
1.15431	-0.475514
1.14955	-0.482314
1.14473	-0.489158
1.13984	-0.49605
1.13488	-0.502996
1.12985	-0.509999
1.12475	-0.517067
1.11958	-0.524202
1.11434	-0.531412
1.10902	-0.538702
1.10364	-0.546076
1.09817	-0.553541
1.09264	-0.561102
1.08703	-0.568765
1.08134	-0.576536
1.07558	-0.584421
1.06973	-0.592427
1.06381	-0.600559
1.0578	-0.608825
1.05171	-0.61723
1.04554	-0.625783
1.03928	-0.634489
1.03294	-0.643357
1.0265	-0.652394
1.01998	-0.661608
1.01336	-0.671007
1.00665	-0.680599
0.999848	-0.690393
0.992944	-0.700397
0.98594	-0.710622
0.978834	-0.721077
0.971623	-0.731771
0.964306	-0.742716
0.956879	-0.753921
0.949339	-0.765398
0.941685	-0.777159
0.933914	-0.789216
0.926022	-0.801581
0.918006	-0.814268
0.909863	-0.82729
0.90159	-0.840661
0.893184	-0.854396
0.88464	-0.868511
0.875955	-0.883023
0.867124	-0.897947
0.858145	-0.913301
0.849012	-0.929105
0.839721	-0.945376
0.830267	-0.962136
0.820646	-0.979406
0.810852	-0.997207
0.80088	-1.01556
0.790724	-1.0345
0.780379	-1.05403
0.769839	-1.0742
0.759097	-1.09503
0.748146	-1.11654
0.736981	-1.13877
0.725593	-1.16175
0.713976	-1.18551
0.702121	-1.21008
0.69002	-1.23551
0.677665	-1.26183
0.665047	-1.28907
0.652156	-1.31729
0.638983	-1.34652
0.625518	-1.37682
0.61175	-1.40821
0.597667	-1.44077
0.58326	-1.47453
0.568514	-1.50955
0.553419	-1.54588
0.53796	-1.58359
0.522124	-1.62273
0.505897	-1.66336
0.489263	-1.70555
0.472208	-1.74936
0.454714	-1.79486
0.436766	-1.84212
0.418344	-1.89121
0.399432	-1.9422
0.38001	-1.99516
0.360059	-2.05017
0.339557	-2.10731
0.318484	-2.16663
0.296818	-2.22822
0.274535	-2.29215
0.251614	-2.35848
0.228029	-2.42727
0.203757	-2.49858
0.178771	-2.57246
0.153046	-2.64896
0.126557	-2.72809
0.0992756	-2.80989
0.0711767	-2.89435
0.0422332	-2.98145
0.0124186	-3.07116
-0.0182929	-3.1634
-0.049927	-3.25809
-0.0825079	-3.35509
-0.116059	-3.45423
-0.150601	-3.5553
-0.186154	-3.65804
-0.222735	-3.76212
-0.260356	-3.86715
-0.299027	-3.9727
-0.338754	-4.07823
-0.379537	-4.18315
-0.421368	-4.28677
-0.464236	-4.38833
-0.508119	-4.48697
-0.552989	-4.58174
-0.598806	-4.67163
-0.645523	-4.75554
-0.693078	-4.8323
-0.741401	-4.9007
-0.790408	-4.95949
-0.840003	-5.00742
-0.890077	-5.04325
-0.940509	-5.06578
-0.991167	-5.07392
-1.04191	-5.06668
-1.09257	-5.04326
-1.14301	-5.00302
-1.19304	-4.9456
-1.24249	-4.87086
-1.2912	-4.77897
-1.33899	-4.6704
-1.38569	-4.54592
-1.43115	-4.40657
-1.47522	-4.25369
-1.51776	-4.08884
-1.55864	-3.91375
-1.59778	-3.73034
-1.63509	-3.54058
-1.67049	-3.34647
-1.70396	-3.15001
-1.73546	-2.95309
-1.76499	-2.7575
-1.79256	-2.56487
-1.81821	-2.37665
-1.84198	-2.19406
-1.86392	-2.01813
-1.8841	-1.8497
-1.9026	-1.68936
-1.91949	-1.53756
-1.93487	-1.39454
-1.94881	-1.2604
-1.96141	-1.13512
-1.97277	-1.01855
-1.98295	-0.910462
-1.99206	-0.810546
-2.00016	-0.718447
-2.00735	-0.633771
-2.01368	-0.556099
-2.01924	-0.484997
-2.02409	-0.420029
-2.0283	-0.360764
-2.0319	-0.306778
-2.03497	-0.257666
-2.03755	-0.213035
-2.03968	-0.172518
-2.0414	-0.135765
-2.04276	-0.10245
-2.04378	-0.072271
-2.04451	-0.0449448
-2.04496	-0.020212
-2.04516	0.00216691
-2.04514	0.0224116
-2.04491	0.0407232
-2.04451	0.0572853
-2.04393	0.0722653
-2.04321	0.0858156
-2.04235	0.0980745
-2.04137	0.109168
-2.04028	0.119209
-2.03909	0.128301
-2.0378	0.136537
-2.03644	0.144001
-2.035	0.15077
-2.03349	0.156912
-2.03192	0.162489
-2.0303	0.167557
-2.02862	0.172166
-2.0269	0.176362
-2.02514	0.180185
-2.02334	0.183673
-2.0215	0.186858
-2.01963	0.189771
-2.01773	0.192439
-2.01581	0.194885
-2.01386	0.197133
-2.01189	0.1992
-2.0099	0.201106
-2.00788	0.202866
-2.00586	0.204495
-2.00381	0.206005
-2.00175	0.207408
-1.99968	0.208715
-1.99759	0.209936
-1.99549	0.211078
-1.99338	0.21215
-1.99126	0.213159
-1.98913	0.21411
-1.98699	0.21501
-1.98484	0.215864
-1.98268	0.216676
-1.98051	0.21745
-1.97834	0.218191
-1.97615	0.218901
-1.97396	0.219584
-1.97177	0.220243
-1.96957	0.22088
-1.96736	0.221497
-1.96514	0.222096
-1.96292	0.22268
-1.96069	0.223249
-1.95846	0.223807
-1.95622	0.224353
-1.95398	0.224889
-1.95173	0.225416
-1.94948	0.225936
-1.94722	0.226449
-1.94495	0.226956
-1.94268	0.227458
-1.94041	0.227956
-1.93813	0.22845
-1.93585	0.22894
-1.93356	0.229428
-1.93126	0.229914
-1.92896	0.230399
-1.92666	0.230881
-1.92435	0.231363
-1.92204	0.231845
-1.91972	0.232326
-1.91739	0.232807
-1.91507	0.233288
-1.91273	0.23377
-1.9104	0.234253
-1.90805	0.234737
-1.90571	0.235221
-1.90335	0.235707
-1.901	0.236195
-1.89863	0.236684
-1.89627	0.237175
-1.8939	0.237667
-1.89152	0.238162
-1.88914	0.238659
-1.88675	0.239158
-1.88436	0.239659
-1.88196	0.240163
-1.87956	0.24067
-1.87715	0.241178
-1.87474	0.24169
-1.87233	0.242204
-1.8699	0.242722
-1.86748	0.243242
-1.86504	0.243765
-1.86261	0.244291
-1.86016	0.24482
-1.85772	0.245353
-1.85526	0.245888
-1.8528	0.246427
-1.85034	0.246969
-1.84787	0.247515
-1.84539	0.248064
-1.84291	0.248616
-1.84043	0.249173
-1.83794	0.249732
-1.83544	0.250296
-1.83294	0.250863
-1.83043	0.251434
-1.82791	0.252008
-1.82539	0.252587
-1.82287	0.25317
-1.82033	0.253756
-1.8178	0.254347
-1.81525	0.254941
-1.8127	0.25554
-1.81015	0.256143
-1.80759	0.25675
-1.80502	0.257361
-1.80245	0.257977
-1.79987	0.258597
-1.79728	0.259222
-1.79469	0.259851
-1.79209	0.260485
-1.78948	0.261123
-1.78687	0.261766
-1.78426	0.262414
-1.78163	0.263067
-1.779	0.263724
-1.77636	0.264386
-1.77372	0.265054
-1.77107	0.265726
-1.76841	0.266404
-1.76575	0.267086
-1.76308	0.267774
-1.7604	0.268467
-1.75771	0.269166
-1.75502	0.26987
-1.75232	0.270579
-1.74962	0.271294
-1.74691	0.272015
-1.74419	0.272742
-1.74146	0.273474
-1.73872	0.274212
-1.73598	0.274956
-1.73323	0.275706
-1.73047	0.276462
-1.72771	0.277224
-1.72494	0.277993
-1.72216	0.278768
-1.71937	0.279549
-1.71657	0.280337
-1.71377	0.281131
-1.71096	0.281932
-1.70814	0.28274
-1.70531	0.283555
-1.70248	0.284376
-1.69963	0.285205
-1.69678	0.286041
-1.69392	0.286884
-1.69105	0.287735
-1.68818	0.288592
-1.68529	0.289458
-1.68239	0.290331
-1.67949	0.291212
-1.67658	0.2921
-1.67366	0.292997
-1.67073	0.293902
-1.66779	0.294815
-1.66484	0.295736
-1.66188	0.296666
-1.65892	0.297604
-1.65594	0.298551
-1.65296	0.299507
-1.64996	0.300472
-1.64696	0.301446
-1.64394	0.302429
-1.64092	0.303421
-1.63788	0.304423
-1.63484	0.305435
-1.63178	0.306456
-1.62872	0.307488
-1.62564	0.308529
-1.62256	0.309581
-1.61946	0.310643
-1.61636	0.311715
-1.61324	0.312799
-1.61011	0.313893
-1.60697	0.314998
-1.60382	0.316115
-1.60066	0.317242
-1.59749	0.318382
-1.59431	0.319533
-1.59111	0.320697
-1.5879	0.321872
-1.58469	0.32306
-1.58145	0.32426
-1.57821	0.325473
-1.57496	0.326699
-1.57169	0.327939
-1.56841	0.329191
-1.56512	0.330458
-1.56181	0.331738
-1.5585	0.333032
-1.55517	0.334341
-1.55182	0.335665
-1.54847	0.337003
-1.5451	0.338356
-1.54171	0.339725
-1.53832	0.341109
-1.5349	0.342509
-1.53148	0.343926
-1.52804	0.345359
-1.52459	0.346809
-1.52112	0.348275
-1.51764	0.34976
-1.51414	0.351262
-1.51063	0.352782
-1.5071	0.35432
-1.50355	0.355877
-1.5	0.357453
-1.49642	0.359049
-1.49283	0.360664
-1.48922	0.3623
-1.4856	0.363956
-1.48196	0.365633
-1.47831	0.367331
-1.47463	0.369052
-1.47094	0.370794
-1.46723	0.372559
-1.46351	0.374347
-1.45976	0.376158
-1.456	0.377994
-1.45222	0.379854
-1.44842	0.381739
-1.44461	0.38365
-1.44077	0.385586
-1.43691	0.387549
-1.43304	0.389539
-1.42914	0.391557
-1.42523	0.393603
-1.42129	0.395678
-1.41734	0.397783
-1.41336	0.399917
-1.40936	0.402082
-1.40534	0.404279
-1.40129	0.406507
-1.39723	0.408768
-1.39314	0.411063
-1.38903	0.413392
-1.3849	0.415756
-1.38074	0.418156
-1.37656	0.420592
-1.37235	0.423066
-1.36812	0.425578
-1.36387	0.428129
-1.35958	0.430721
-1.35528	0.433353
-1.35094	0.436027
-1.34658	0.438744
-1.3422	0.441505
-1.33778	0.444311
-1.33334	0.447164
-1.32887	0.450063
-1.32437	0.453011
-1.31984	0.456008
-1.31528	0.459056
-1.31068	0.462156
-1.30606	0.46531
-1.30141	0.468518
-1.29673	0.471782
-1.29201	0.475104
-1.28726	0.478484
-1.28247	0.481926
-1.27765	0.485429
-1.2728	0.488996
-1.26791	0.492628
-1.26298	0.496328
-1.25802	0.500097
-1.25302	0.503936
-1.24798	0.507848
-1.2429	0.511835
-1.23778	0.515898
-1.23262	0.520041
-1.22742	0.524264
-1.22218	0.528572
-1.21689	0.532964
-1.21156	0.537445
-1.20619	0.542017
-1.20077	0.546682
-1.1953	0.551443
-1.18979	0.556303
-1.18422	0.561265
-1.17861	0.566332
-1.17295	0.571507
-1.16723	0.576793
-1.16147	0.582194
-1.15564	0.587713
-1.14977	0.593354
-1.14383	0.599121
-1.13784	0.605017
-1.13179	0.611046
-1.12568	0.617214
-1.11951	0.623524
-1.11327	0.629981
-1.10697	0.63659
-1.10061	0.643355
-1.09417	0.650282
-1.08767	0.657376
-1.0811	0.664643
-1.07445	0.672089
-1.06773	0.67972
-1.06093	0.687541
-1.05406	0.69556
-1.0471	0.703784
-1.04006	0.712219
-1.03294	0.720873
-1.02573	0.729754
-1.01844	0.73887
-1.01105	0.74823
-1.00357	0.757842
-0.995987	0.767715
-0.98831	0.777859
-0.980531	0.788285
-0.972648	0.799002
-0.964658	0.810022
-0.956558	0.821356
-0.948345	0.833015
-0.940014	0.845014
-0.931564	0.857364
-0.922991	0.87008
-0.91429	0.883175
-0.905458	0.896665
-0.896491	0.910566
-0.887386	0.924893
-0.878137	0.939665
-0.86874	0.954898
-0.859191	0.970612
-0.849485	0.986827
-0.839617	1.00356
-0.829581	1.02084
-0.819373	1.03869
-0.808986	1.05712
-0.798415	1.07617
-0.787653	1.09586
-0.776694	1.11621
-0.765532	1.13727
-0.75416	1.15905
-0.742569	1.18158
-0.730753	1.20491
-0.718704	1.22906
-0.706414	1.25407
-0.693873	1.27999
-0.681073	1.30684
-0.668005	1.33467
-0.654658	1.36352
-0.641023	1.39344
-0.627088	1.42448
-0.612844	1.45668
-0.598277	1.49009
-0.583376	1.52478
-0.568128	1.56079
-0.55252	1.59818
-0.536539	1.63701
-0.520168	1.67735
-0.503395	1.71926
-0.486202	1.7628
-0.468574	1.80804
-0.450494	1.85506
-0.431943	1.90392
-0.412904	1.9547
-0.393357	2.00748
-0.373282	2.06232
-0.352659	2.1193
-0.331466	2.1785
-0.309681	2.23999
-0.287281	2.30384
-0.264243	2.37012
-0.240542	2.4389
-0.216153	2.51024
-0.19105	2.58419
-0.165208	2.6608
-0.1386	2.7401
-0.111199	2.8221
-0.0829784	2.90683
-0.0539101	2.99427
-0.0239674	3.08437
0.00687632	3.17709
0.0386472	3.27233
0.0713705	3.36997
0.10507	3.46984
0.139769	3.57173
0.175486	3.67539
0.21224	3.78051
0.250045	3.88669
0.288912	3.9935
0.328847	4.10042
0.369851	4.20684
0.411919	4.31208
0.45504	4.41537
0.499194	4.51586
0.544352	4.61258
0.590478	4.70451
0.637523	4.79053
0.685429	4.86946
0.734123	4.94006
0.783524	5.00105
0.833534	5.05114
0.884046	5.08905
0.934936	5.11357
0.986072	5.12353
1.03731	5.11792
1.08849	5.09588
1.13945	5.05674
1.19001	5.00009
1.24001	4.92577
1.28927	4.83392
1.33761	4.72499
1.38486	4.59975
1.43086	4.45925
1.47545	4.30482
1.5185	4.13807
1.55988	3.96078
1.59949	3.77488
1.63724	3.58241
1.67306	3.38542
1.70691	3.18597
1.73877	2.986
1.76863	2.78736
1.79651	2.59173
1.82242	2.40057
1.84643	2.21518
1.86858	2.03661
1.88895	1.86569
1.90761	1.70306
1.92464	1.54915
1.94013	1.40423
1.95417	1.26839
1.96685	1.14158
1.97827	1.02368
1.98851	0.914418
1.99765	0.813493
2.00579	0.720531
2.01299	0.635125
2.01934	0.55684
2.02491	0.485233
2.02976	0.419853
2.03396	0.360258
2.03756	0.306015
2.04062	0.256705
2.04319	0.211931
2.04531	0.171315
2.04702	0.134502
2.04837	0.101159
2.04938	0.0709764
2.05009	0.043669
2.05053	0.0189721
2.05072	-0.00335715
2.05068	-0.0235415
2.05045	-0.0417846
2.05003	-0.0582723
2.04945	-0.0731739
2.04871	-0.0866431
2.04785	-0.0988197
2.04686	-0.10983
2.04576	-0.119789
2.04456	-0.128801
2.04328	-0.136958
2.04191	-0.144345
2.04046	-0.15104
2.03895	-0.15711
2.03738	-0.162618
2.03576	-0.16762
2.03408	-0.172166
2.03236	-0.176302
2.03059	-0.180068
2.02879	-0.183502
2.02696	-0.186636
2.02509	-0.189501
2.0232	-0.192122
2.02128	-0.194525
2.01933	-0.196731
2.01736	-0.19876
2.01538	-0.20063
2.01337	-0.202355
2.01135	-0.203951
2.00931	-0.205431
2.00725	-0.206805
2.00518	-0.208085
2.0031	-0.209279
2.00101	-0.210397
1.99891	-0.211446
1.99679	-0.212433
1.99467	-0.213363
1.99253	-0.214244
1.99039	-0.215079
1.98824	-0.215873
1.98608	-0.21663
1.98392	-0.217355
1.98174	-0.21805
1.97956	-0.218719
1.97737	-0.219363
1.97518	-0.219986
1.97298	-0.220591
1.97078	-0.221178
1.96856	-0.221749
1.96635	-0.222308
1.96412	-0.222854
1.96189	-0.223389
1.95966	-0.223915
1.95742	-0.224432
1.95518	-0.224942
1.95293	-0.225445
1.95067	-0.225943
1.94841	-0.226436
1.94615	-0.226924
1.94388	-0.227409
1.94161	-0.227891
1.93933	-0.22837
1.93704	-0.228848
1.93475	-0.229324
1.93246	-0.229798
1.93016	-0.230272
1.92786	-0.230745
1.92555	-0.231218
1.92324	-0.231691
1.92092	-0.232165
1.9186	-0.232639
1.91628	-0.233113
1.91395	-0.233589
1.91161	-0.234066
1.90927	-0.234544
1.90692	-0.235023
1.90457	-0.235504
1.90222	-0.235987
1.89986	-0.236472
1.89749	-0.236958
1.89512	-0.237447
1.89275	-0.237938
1.89037	-0.238431
1.88799	-0.238927
1.8856	-0.239425
1.8832	-0.239926
1.8808	-0.240429
1.8784	-0.240935
1.87599	-0.241444
1.87357	-0.241955
1.87116	-0.24247
1.86873	-0.242987
1.8663	-0.243508
1.86387	-0.244031
1.86143	-0.244558
1.85898	-0.245088
1.85653	-0.245621
1.85407	-0.246157
1.85161	-0.246697
1.84914	-0.24724
1.84667	-0.247787
1.84419	-0.248337
1.84171	-0.248891
1.83922	-0.249449
1.83673	-0.25001
1.83423	-0.250575
1.83172	-0.251143
1.82921	-0.251716
1.82669	-0.252292
1.82417	-0.252872
1.82164	-0.253456
1.81911	-0.254044
1.81657	-0.254637
1.81402	-0.255233
1.81147	-0.255834
1.80891	-0.256439
1.80634	-0.257048
1.80377	-0.257661
1.8012	-0.258279
1.79861	-0.258901
1.79603	-0.259528
1.79343	-0.260159
1.79083	-0.260795
1.78822	-0.261435
1.78561	-0.262081
1.78299	-0.262731
1.78036	-0.263386
1.77772	-0.264045
1.77508	-0.26471
1.77244	-0.26538
1.76978	-0.266054
1.76712	-0.266734
1.76446	-0.26742
1.76178	-0.26811
1.7591	-0.268806
1.75641	-0.269507
1.75372	-0.270213
1.75101	-0.270926
1.74831	-0.271643
1.74559	-0.272367
1.74287	-0.273096
1.74013	-0.273831
1.7374	-0.274572
1.73465	-0.275319
1.7319	-0.276072
1.72914	-0.276831
1.72637	-0.277596
1.72359	-0.278368
1.72081	-0.279146
1.71802	-0.27993
1.71522	-0.280721
1.71241	-0.281519
1.7096	-0.282323
1.70677	-0.283134
1.70394	-0.283952
1.7011	-0.284777
1.69825	-0.285609
1.6954	-0.286449
1.69253	-0.287295
1.68966	-0.288149
1.68678	-0.289011
1.68389	-0.28988
1.68099	-0.290757
1.67808	-0.291641
1.67517	-0.292534
1.67224	-0.293435
1.66931	-0.294343
1.66636	-0.29526
1.66341	-0.296186
1.66045	-0.29712
1.65748	-0.298062
1.6545	-0.299013
1.65151	-0.299974
1.64851	-0.300943
1.6455	-0.301921
1.64248	-0.302909
1.63945	-0.303906
1.63641	-0.304912
1.63336	-0.305929
1.6303	-0.306955
1.62723	-0.307991
1.62415	-0.309037
1.62106	-0.310094
1.61796	-0.311161
1.61485	-0.312239
1.61173	-0.313327
1.60859	-0.314427
1.60545	-0.315538
1.60229	-0.31666
1.59913	-0.317793
1.59595	-0.318938
1.59276	-0.320095
1.58956	-0.321264
1.58635	-0.322446
1.58312	-0.32364
1.57989	-0.324846
1.57664	-0.326066
1.57338	-0.327298
1.5701	-0.328544
1.56682	-0.329803
1.56352	-0.331076
1.56021	-0.332363
1.55689	-0.333665
1.55355	-0.33498
1.5502	-0.336311
1.54684	-0.337656
1.54346	-0.339017
1.54007	-0.340393
1.53666	-0.341785
1.53325	-0.343193
1.52982	-0.344618
1.52637	-0.346059
1.52291	-0.347517
1.51943	-0.348992
1.51594	-0.350485
1.51244	-0.351996
1.50892	-0.353524
1.50538	-0.355072
1.50183	-0.356638
1.49827	-0.358224
1.49468	-0.359829
1.49109	-0.361454
1.48747	-0.363099
1.48384	-0.364766
1.48019	-0.366453
1.47653	-0.368162
1.47285	-0.369893
1.46915	-0.371646
1.46543	-0.373422
1.4617	-0.375221
1.45794	-0.377045
1.45417	-0.378892
1.45039	-0.380764
1.44658	-0.382661
1.44275	-0.384584
1.43891	-0.386534
1.43504	-0.38851
1.43115	-0.390513
1.42725	-0.392545
1.42332	-0.394605
1.41938	-0.396694
1.41541	-0.398813
1.41142	-0.400962
1.40741	-0.403142
1.40338	-0.405354
1.39933	-0.407598
1.39525	-0.409876
1.39115	-0.412187
1.38703	-0.414533
1.38289	-0.416914
1.37872	-0.419332
1.37452	-0.421786
1.37031	-0.424278
1.36606	-0.426809
1.3618	-0.42938
1.3575	-0.431991
1.35318	-0.434643
1.34884	-0.437338
1.34446	-0.440076
1.34006	-0.442859
1.33563	-0.445687
1.33118	-0.448562
1.32669	-0.451485
1.32217	-0.454456
1.31763	-0.457478
1.31306	-0.460551
1.30845	-0.463677
1.30381	-0.466857
1.29914	-0.470092
1.29444	-0.473384
1.28971	-0.476734
1.28494	-0.480144
1.28014	-0.483615
1.27531	-0.487149
1.27043	-0.490747
1.26553	-0.494412
1.26058	-0.498145
1.2556	-0.501947
1.25058	-0.505822
1.24552	-0.50977
1.24043	-0.513794
1.23529	-0.517895
1.23011	-0.522077
1.22489	-0.52634
1.21962	-0.530689
1.21432	-0.535124
1.20897	-0.539648
1.20357	-0.544265
1.19813	-0.548976
1.19264	-0.553785
1.1871	-0.558694
1.18151	-0.563707
1.17588	-0.568825
1.17019	-0.574054
1.16445	-0.579395
1.15865	-0.584853
1.1528	-0.59043
1.1469	-0.596131
1.14094	-0.60196
1.13492	-0.607921
1.12884	-0.614017
1.1227	-0.620253
1.1165	-0.626633
1.11023	-0.633163
1.1039	-0.639847
1.0975	-0.64669
1.09103	-0.653697
1.0845	-0.660875
1.07789	-0.668228
1.07121	-0.675762
1.06445	-0.683484
1.05761	-0.691401
1.0507	-0.699518
1.0437	-0.707843
1.03663	-0.716383
1.02946	-0.725146
1.02221	-0.73414
1.01487	-0.743373
1.00744	-0.752854
0.999906	-0.762591
0.992281	-0.772594
0.984555	-0.782874
0.976726	-0.793439
0.968791	-0.804302
0.960748	-0.815472
0.952594	-0.826962
0.944324	-0.838785
0.935936	-0.850952
0.927427	-0.863477
0.918792	-0.876375
0.910028	-0.88966
0.901132	-0.903347
0.892098	-0.917452
0.882924	-0.931992
0.873604	-0.946985
0.864134	-0.962449
0.854509	-0.978403
0.844725	-0.994868
0.834777	-1.01186
0.824658	-1.02941
0.814364	-1.04754
0.803888	-1.06627
0.793226	-1.08562
0.78237	-1.10563
0.771313	-1.12632
0.76005	-1.14772
0.748573	-1.16987
0.736874	-1.19278
0.724946	-1.2165
0.712781	-1.24107
0.700371	-1.26651
0.687705	-1.29287
0.674777	-1.32019
0.661575	-1.34851
0.64809	-1.37788
0.634311	-1.40833
0.620228	-1.43993
0.605828	-1.47271
0.591101	-1.50673
0.576034	-1.54205
0.560613	-1.57872
0.544826	-1.61681
0.528658	-1.65636
0.512094	-1.69745
0.49512	-1.74014
0.477719	-1.7845
0.459874	-1.83059
0.441568	-1.8785
0.422783	-1.92828
0.4035	-1.98001
0.3837	-2.03378
0.363362	-2.08965
0.342465	-2.14769
0.320989	-2.20799
0.298909	-2.27062
0.276202	-2.33564
0.252846	-2.40312
0.228815	-2.47314
0.204083	-2.54573
0.178626	-2.62097
0.152416	-2.69887
0.125428	-2.77948
0.0976329	-2.86281
0.0690048	-2.94885
0.0395163	-3.03759
0.00914043	-3.12897
-0.0221492	-3.22292
-0.0543784	-3.31934
-0.0875718	-3.41808
-0.121753	-3.51896
-0.156942	-3.62175
-0.19316	-3.72615
-0.230421	-3.83183
-0.268739	-3.93838
-0.308123	-4.04531
-0.348576	-4.15207
-0.390097	-4.25801
-0.432677	-4.36241
-0.476301	-4.46446
-0.520946	-4.56324
-0.566578	-4.65778
-0.613156	-4.74699
-0.660626	-4.82973
-0.708923	-4.90478
-0.757971	-4.97088
-0.80768	-5.02675
-0.857947	-5.0711
-0.908658	-5.10268
-0.959685	-5.12028
-1.01089	-5.12282
-1.06212	-5.10934
-1.11321	-5.07909
-1.164	-5.0315
-1.21432	-4.96629
-1.26398	-4.88344
-1.31281	-4.78325
-1.36065	-4.6663
-1.40731	-4.53352
-1.45264	-4.38609
-1.4965	-4.22548
-1.53876	-4.05339
-1.57929	-3.87168
-1.61801	-3.68234
-1.65483	-3.48742
-1.68971	-3.28899
-1.7226	-3.08905
-1.75349	-2.88951
-1.78238	-2.69212
-1.8093	-2.49849
-1.83429	-2.30998
-1.85739	-2.12777
-1.87867	-1.95281
-1.89819	-1.78584
-1.91605	-1.6274
-1.93233	-1.47782
-1.94711	-1.33729
-1.96048	-1.20584
-1.97254	-1.08337
-1.98337	-0.969688
-1.99307	-0.86451
-2.00171	-0.767491
-2.00939	-0.678242
-2.01617	-0.596341
-2.02213	-0.521347
-2.02735	-0.452812
-2.03187	-0.390289
-2.03578	-0.33334
-2.03911	-0.281537
-2.04193	-0.234474
-2.04427	-0.19176
-2.04619	-0.153029
-2.04772	-0.117936
-2.0489	-0.0861614
-2.04976	-0.0574061
-2.05033	-0.0313949
-2.05065	-0.00787404
-2.05073	0.0133896
-2.05059	0.0326092
-2.05027	0.0499798
-2.04977	0.0656791
-2.04911	0.0798685
-2.04831	0.092695
-2.04738	0.104292
-2.04634	0.114779
-2.04519	0.124267
-2.04395	0.132853
-2.04262	0.140628
-2.04122	0.14767
-2.03974	0.154054
-2.0382	0.159845
-2.0366	0.165101
-2.03495	0.169876
-2.03325	0.174218
-2.03151	0.17817
-2.02973	0.181771
-2.02791	0.185056
-2.02606	0.188056
-2.02418	0.190799
-2.02227	0.193312
-2.02034	0.195617
-2.01838	0.197735
-2.0164	0.199685
-2.01441	0.201483
-2.01239	0.203144
-2.01036	0.204682
-2.00831	0.206109
-2.00625	0.207436
-2.00418	0.208673
-2.00209	0.20983
-1.99999	0.210913
-1.99788	0.211931
-1.99576	0.21289
-1.99364	0.213796
-1.9915	0.214654
-1.98935	0.215468
-1.9872	0.216244
-1.98503	0.216985
-1.98286	0.217695
-1.98069	0.218377
-1.9785	0.219034
-1.97631	0.219668
-1.97412	0.220281
-1.97191	0.220877
-1.9697	0.221456
-1.96749	0.222021
-1.96527	0.222573
-1.96304	0.223114
-1.96081	0.223645
-1.95858	0.224166
-1.95633	0.22468
-1.95409	0.225186
-1.95184	0.225687
-1.94958	0.226182
-1.94732	0.226673
-1.94505	0.227159
-1.94278	0.227643
-1.9405	0.228124
-1.93822	0.228602
-1.93594	0.229079
-1.93364	0.229554
-1.93135	0.230028
-1.92905	0.230501
-1.92674	0.230974
-1.92443	0.231447
-1.92212	0.231921
-1.9198	0.232394
-1.91748	0.232868
-1.91515	0.233343
-1.91281	0.23382
-1.91048	0.234297
-1.90813	0.234776
-1.90579	0.235256
-1.90343	0.235738
-1.90108	0.236222
-1.89871	0.236707
-1.89635	0.237195
-1.89397	0.237685
-1.8916	0.238177
-1.88922	0.238671
-1.88683	0.239168
-1.88444	0.239667
-1.88204	0.240169
-1.87964	0.240674
-1.87723	0.241181
-1.87482	0.241691
-1.8724	0.242204
-1.86998	0.24272
-1.86755	0.243239
-1.86512	0.243761
-1.86268	0.244286
-1.86024	0.244814
-1.85779	0.245346
-1.85534	0.24588
-1.85288	0.246418
-1.85042	0.24696
-1.84795	0.247505
-1.84547	0.248053
-1.84299	0.248605
-1.84051	0.249161
-1.83801	0.24972
-1.83552	0.250283
-1.83301	0.25085
-1.83051	0.25142
-1.82799	0.251994
-1.82547	0.252572
-1.82295	0.253155
-1.82041	0.253741
-1.81788	0.254331
-1.81533	0.254925
-1.81278	0.255524
-1.81023	0.256126
-1.80767	0.256733
-1.8051	0.257344
-1.80253	0.25796
-1.79995	0.25858
-1.79736	0.259204
-1.79477	0.259833
-1.79217	0.260466
-1.78957	0.261105
-1.78696	0.261747
-1.78434	0.262395
-1.78171	0.263047
-1.77908	0.263704
-1.77645	0.264367
-1.7738	0.265034
-1.77115	0.265706
-1.7685	0.266383
-1.76583	0.267066
-1.76316	0.267753
-1.76048	0.268446
-1.7578	0.269145
-1.75511	0.269848
-1.75241	0.270558
-1.7497	0.271273
-1.74699	0.271993
-1.74427	0.272719
-1.74154	0.273451
-1.73881	0.274189
-1.73607	0.274933
-1.73332	0.275683
-1.73056	0.276439
-1.7278	0.277201
-1.72502	0.277969
-1.72224	0.278744
-1.71946	0.279525
-1.71666	0.280312
-1.71386	0.281107
-1.71105	0.281907
-1.70823	0.282715
-1.7054	0.283529
-1.70257	0.284351
-1.69972	0.285179
-1.69687	0.286015
-1.69401	0.286858
-1.69114	0.287708
-1.68827	0.288566
-1.68538	0.289431
-1.68249	0.290304
-1.67958	0.291184
-1.67667	0.292073
-1.67375	0.292969
-1.67082	0.293874
-1.66788	0.294786
-1.66493	0.295707
-1.66198	0.296637
-1.65901	0.297575
-1.65603	0.298522
-1.65305	0.299477
-1.65005	0.300442
-1.64705	0.301415
-1.64404	0.302398
-1.64101	0.30339
-1.63798	0.304392
-1.63493	0.305403
-1.63188	0.306424
-1.62882	0.307455
-1.62574	0.308497
-1.62266	0.309548
-1.61956	0.31061
-1.61645	0.311682
-1.61334	0.312765
-1.61021	0.313859
-1.60707	0.314963
-1.60392	0.31608
-1.60076	0.317207
-1.59759	0.318346
-1.59441	0.319497
-1.59121	0.32066
-1.588	0.321835
-1.58479	0.323023
-1.58156	0.324222
-1.57831	0.325435
-1.57506	0.326661
-1.57179	0.3279
-1.56851	0.329152
-1.56522	0.330418
-1.56192	0.331698
-1.5586	0.332992
-1.55527	0.3343
-1.55193	0.335623
-1.54857	0.336961
-1.5452	0.338314
-1.54182	0.339682
-1.53842	0.341066
-1.53501	0.342465
-1.53159	0.343881
-1.52815	0.345314
-1.52469	0.346763
-1.52123	0.348229
-1.51774	0.349713
-1.51425	0.351214
-1.51074	0.352734
-1.50721	0.354272
-1.50367	0.355828
-1.50011	0.357404
-1.49653	0.358999
-1.49294	0.360614
-1.48934	0.362248
-1.48571	0.363904
-1.48208	0.36558
-1.47842	0.367278
-1.47475	0.368998
-1.47106	0.370739
-1.46735	0.372503
-1.46362	0.374291
-1.45988	0.376102
-1.45612	0.377936
-1.45234	0.379796
-1.44854	0.38168
-1.44473	0.38359
-1.44089	0.385525
-1.43704	0.387488
-1.43316	0.389477
-1.42927	0.391494
-1.42535	0.393539
-1.42142	0.395613
-1.41746	0.397716
-1.41348	0.39985
-1.40948	0.402014
-1.40546	0.40421
-1.40142	0.406437
-1.39736	0.408697
-1.39327	0.410991
-1.38916	0.413319
-1.38503	0.415682
-1.38087	0.418081
-1.37669	0.420516
-1.37248	0.422988
-1.36825	0.425499
-1.364	0.428049
-1.35972	0.430639
-1.35541	0.43327
-1.35108	0.435943
-1.34672	0.438659
-1.34233	0.441419
-1.33792	0.444223
-1.33348	0.447074
-1.32901	0.449972
-1.32451	0.452918
-1.31998	0.455914
-1.31542	0.45896
-1.31083	0.462059
-1.30621	0.465211
-1.30156	0.468417
-1.29687	0.471679
-1.29215	0.474999
-1.2874	0.478378
-1.28262	0.481817
-1.2778	0.485319
-1.27295	0.488884
-1.26806	0.492514
-1.26314	0.496212
-1.25817	0.499978
-1.25317	0.503815
-1.24814	0.507725
-1.24306	0.511709
-1.23794	0.515771
-1.23278	0.519911
-1.22758	0.524132
-1.22234	0.528436
-1.21706	0.532826
-1.21173	0.537304
-1.20636	0.541873
-1.20094	0.546535
-1.19547	0.551293
-1.18996	0.55615
-1.1844	0.561109
-1.17879	0.566173
-1.17313	0.571344
-1.16741	0.576627
-1.16165	0.582024
-1.15583	0.587539
-1.14995	0.593176
-1.14402	0.598939
-1.13803	0.604831
-1.13198	0.610856
-1.12587	0.61702
-1.1197	0.623325
-1.11347	0.629777
-1.10717	0.636381
-1.10081	0.643142
-1.09438	0.650064
-1.08788	0.657153
-1.0813	0.664414
-1.07466	0.671854
-1.06794	0.679479
-1.06115	0.687294
-1.05427	0.695307
-1.04732	0.703524
-1.04029	0.711953
-1.03317	0.7206
-1.02596	0.729474
-1.01867	0.738583
-1.01128	0.747934
-1.0038	0.757538
-0.996225	0.767403
-0.988551	0.777539
-0.980775	0.787955
-0.972896	0.798663
-0.964909	0.809673
-0.956812	0.820997
-0.948602	0.832647
-0.940276	0.844635
-0.93183	0.856974
-0.92326	0.869678
-0.914563	0.882761
-0.905735	0.896239
-0.896773	0.910126
-0.887672	0.92444
-0.878427	0.939197
-0.869035	0.954416
-0.859491	0.970115
-0.84979	0.986314
-0.839927	1.00303
-0.829897	1.02029
-0.819694	1.03812
-0.809312	1.05654
-0.798747	1.07557
-0.787991	1.09523
-0.777039	1.11557
-0.765883	1.1366
-0.754517	1.15835
-0.742934	1.18087
-0.731125	1.20417
-0.719084	1.2283
-0.706801	1.25328
-0.694268	1.27916
-0.681476	1.30599
-0.668416	1.33378
-0.655078	1.3626
-0.641452	1.39249
-0.627527	1.42349
-0.613293	1.45566
-0.598736	1.48903
-0.583846	1.52368
-0.568609	1.55964
-0.553012	1.59699
-0.537043	1.63578
-0.520685	1.67607
-0.503924	1.71793
-0.486745	1.76142
-0.469131	1.80661
-0.451065	1.85357
-0.432529	1.90237
-0.413505	1.95309
-0.393974	2.0058
-0.373916	2.06057
-0.35331	2.11749
-0.332136	2.17662
-0.310369	2.23803
-0.287989	2.30181
-0.264971	2.36802
-0.241291	2.43672
-0.216924	2.50798
-0.191844	2.58185
-0.166025	2.65837
-0.139442	2.73758
-0.112066	2.81951
-0.0838708	2.90415
-0.0548293	2.9915
-0.0249142	3.08152
0.005901	3.17416
0.0376426	3.26932
0.0703359	3.36689
0.104005	3.46669
0.138672	3.56853
0.174357	3.67214
0.211078	3.77721
0.24885	3.88337
0.287684	3.99017
0.327586	4.09709
0.368557	4.20353
0.410592	4.30882
0.45368	4.41219
0.497802	4.51278
0.54293	4.60963
0.589026	4.70173
0.636044	4.78795
0.683923	4.86712
0.732594	4.938
0.781974	4.9993
0.831967	5.04975
0.882465	5.08807
0.933345	5.11302
0.984476	5.12345
1.03571	5.11834
1.08689	5.09682
1.13786	5.05822
1.18844	5.00212
1.23847	4.92835
1.28775	4.83704
1.33612	4.72864
1.38341	4.60389
1.42944	4.46384
1.47408	4.30983
1.51718	4.14344
1.55862	3.96645
1.59828	3.78078
1.63609	3.58848
1.67197	3.39161
1.70589	3.1922
1.73781	2.99222
1.76773	2.79352
1.79567	2.59776
1.82165	2.40645
1.84571	2.22086
1.86792	2.04206
1.88834	1.87089
1.90705	1.708
1.92413	1.55382
1.93967	1.40861
1.95375	1.27248
1.96648	1.1454
1.97793	1.02722
1.9882	0.917696
1.99738	0.816517
2.00555	0.723313
2.01278	0.637677
2.01916	0.559177
2.02475	0.487368
2.02962	0.421801
2.03384	0.362033
2.03746	0.307629
2.04054	0.258172
2.04312	0.213262
2.04525	0.172522
2.04698	0.135595
2.04833	0.102149
2.04935	0.0718724
2.05007	0.0444794
2.05052	0.019705
2.05071	-0.00269461
2.05069	-0.0229426
2.05046	-0.0412433
2.05004	-0.0577831
2.04947	-0.0727318
2.04874	-0.0862435
2.04788	-0.0984584
2.04689	-0.109503
2.0458	-0.119494
2.0446	-0.128533
2.04332	-0.136715
2.04195	-0.144126
2.04051	-0.150841
2.039	-0.15693
2.03743	-0.162454
2.03581	-0.167471
2.03413	-0.172031
2.03241	-0.176179
2.03065	-0.179956
2.02885	-0.1834
2.02702	-0.186543
2.02515	-0.189415
2.02326	-0.192044
2.02134	-0.194453
2.01939	-0.196666
2.01743	-0.1987
2.01544	-0.200574
2.01343	-0.202303
2.01141	-0.203903
2.00937	-0.205386
2.00732	-0.206764
2.00525	-0.208046
2.00317	-0.209243
2.00108	-0.210363
1.99897	-0.211414
1.99686	-0.212403
1.99473	-0.213335
1.9926	-0.214217
1.99046	-0.215053
1.98831	-0.215849
1.98615	-0.216607
1.98398	-0.217333
1.98181	-0.218029
1.97963	-0.218698
1.97744	-0.219343
1.97525	-0.219967
1.97305	-0.220572
1.97084	-0.22116
1.96863	-0.221732
1.96642	-0.22229
1.96419	-0.222837
1.96196	-0.223372
1.95973	-0.223898
1.95749	-0.224416
1.95525	-0.224926
1.953	-0.225429
1.95074	-0.225927
1.94848	-0.22642
1.94622	-0.226909
1.94395	-0.227394
1.94168	-0.227876
1.9394	-0.228356
1.93711	-0.228833
1.93483	-0.229309
1.93253	-0.229784
1.93024	-0.230257
1.92793	-0.230731
1.92563	-0.231204
1.92331	-0.231677
1.921	-0.23215
1.91868	-0.232624
1.91635	-0.233098
1.91402	-0.233574
1.91168	-0.234051
1.90934	-0.234529
1.907	-0.235008
1.90465	-0.235489
1.90229	-0.235972
1.89993	-0.236457
1.89757	-0.236943
1.8952	-0.237432
1.89282	-0.237923
1.89044	-0.238416
1.88806	-0.238911
1.88567	-0.239409
1.88328	-0.23991
1.88088	-0.240413
1.87847	-0.240919
1.87606	-0.241428
1.87365	-0.241939
1.87123	-0.242454
1.86881	-0.242971
1.86638	-0.243491
1.86394	-0.244015
1.8615	-0.244541
1.85906	-0.245071
1.85661	-0.245604
1.85415	-0.246141
1.85169	-0.24668
1.84922	-0.247223
1.84675	-0.24777
1.84427	-0.24832
1.84179	-0.248874
1.8393	-0.249431
1.8368	-0.249992
1.83431	-0.250557
1.8318	-0.251125
1.82929	-0.251698
1.82677	-0.252274
1.82425	-0.252854
1.82172	-0.253438
1.81919	-0.254026
1.81665	-0.254618
1.8141	-0.255215
1.81155	-0.255815
1.80899	-0.25642
1.80642	-0.257029
1.80385	-0.257642
1.80128	-0.258259
1.7987	-0.258882
1.79611	-0.259508
1.79351	-0.260139
1.79091	-0.260775
1.7883	-0.261415
1.78569	-0.26206
1.78307	-0.26271
1.78044	-0.263365
1.77781	-0.264025
1.77517	-0.264689
1.77252	-0.265359
1.76987	-0.266033
1.76721	-0.266713
1.76454	-0.267398
1.76186	-0.268088
1.75918	-0.268784
1.7565	-0.269485
1.7538	-0.270191
1.7511	-0.270903
1.74839	-0.271621
1.74567	-0.272344
1.74295	-0.273073
1.74022	-0.273808
1.73748	-0.274549
1.73474	-0.275295
1.73198	-0.276048
1.72922	-0.276807
1.72645	-0.277572
1.72368	-0.278343
1.7209	-0.279121
1.7181	-0.279905
1.71531	-0.280696
1.7125	-0.281494
1.70968	-0.282298
1.70686	-0.283109
1.70403	-0.283927
1.70119	-0.284751
1.69834	-0.285583
1.69549	-0.286422
1.69262	-0.287269
1.68975	-0.288123
1.68687	-0.288984
1.68398	-0.289853
1.68108	-0.290729
1.67817	-0.291614
1.67526	-0.292506
1.67233	-0.293406
1.6694	-0.294315
1.66645	-0.295232
1.6635	-0.296157
1.66054	-0.29709
1.65757	-0.298033
1.65459	-0.298984
1.6516	-0.299943
1.6486	-0.300912
1.64559	-0.30189
1.64257	-0.302878
1.63954	-0.303874
1.6365	-0.304881
1.63346	-0.305897
1.6304	-0.306923
1.62733	-0.307958
1.62425	-0.309004
1.62116	-0.310061
1.61806	-0.311128
1.61495	-0.312205
1.61182	-0.313293
1.60869	-0.314392
1.60555	-0.315503
1.60239	-0.316624
1.59923	-0.317758
1.59605	-0.318902
1.59286	-0.320059
1.58966	-0.321228
1.58645	-0.322409
1.58322	-0.323602
1.57999	-0.324808
1.57674	-0.326027
1.57348	-0.327259
1.57021	-0.328505
1.56692	-0.329764
1.56362	-0.331036
1.56031	-0.332323
1.55699	-0.333624
1.55365	-0.334939
1.5503	-0.336269
1.54694	-0.337614
1.54356	-0.338974
1.54017	-0.34035
1.53677	-0.341742
1.53335	-0.343149
1.52992	-0.344573
1.52648	-0.346014
1.52302	-0.347471
1.51954	-0.348946
1.51605	-0.350438
1.51255	-0.351948
1.50903	-0.353477
1.50549	-0.355023
1.50194	-0.356589
1.49838	-0.358174
1.4948	-0.359779
1.4912	-0.361403
1.48758	-0.363048
1.48395	-0.364713
1.48031	-0.3664
1.47664	-0.368108
1.47296	-0.369838
1.46926	-0.371591
1.46555	-0.373366
1.46181	-0.375165
1.45806	-0.376987
1.45429	-0.378834
1.4505	-0.380705
1.4467	-0.382602
1.44287	-0.384524
1.43903	-0.386473
1.43516	-0.388448
1.43128	-0.390451
1.42737	-0.392481
1.42345	-0.39454
1.4195	-0.396628
1.41553	-0.398746
1.41155	-0.400894
1.40754	-0.403074
1.40351	-0.405285
1.39945	-0.407528
1.39538	-0.409804
1.39128	-0.412115
1.38716	-0.414459
1.38302	-0.416839
1.37885	-0.419256
1.37465	-0.421709
1.37044	-0.4242
1.3662	-0.42673
1.36193	-0.429299
1.35764	-0.431909
1.35332	-0.43456
1.34897	-0.437253
1.3446	-0.43999
1.3402	-0.442771
1.33577	-0.445598
1.33131	-0.448472
1.32683	-0.451393
1.32232	-0.454363
1.31777	-0.457383
1.3132	-0.460455
1.30859	-0.463579
1.30396	-0.466757
1.29929	-0.46999
1.29459	-0.47328
1.28986	-0.476629
1.28509	-0.480037
1.28029	-0.483506
1.27546	-0.487038
1.27059	-0.490634
1.26568	-0.494297
1.26074	-0.498027
1.25576	-0.501828
1.25074	-0.5057
1.24568	-0.509646
1.24058	-0.513667
1.23545	-0.517766
1.23027	-0.521945
1.22505	-0.526206
1.21979	-0.530552
1.21448	-0.534984
1.20913	-0.539506
1.20374	-0.54412
1.1983	-0.548828
1.19281	-0.553634
1.18727	-0.55854
1.18169	-0.563549
1.17605	-0.568664
1.17037	-0.573889
1.16463	-0.579227
1.15883	-0.584681
1.15299	-0.590255
1.14708	-0.595952
1.14113	-0.601777
1.13511	-0.607733
1.12903	-0.613824
1.12289	-0.620056
1.11669	-0.626432
1.11043	-0.632957
1.1041	-0.639636
1.0977	-0.646474
1.09124	-0.653476
1.0847	-0.660648
1.07809	-0.667996
1.07141	-0.675524
1.06466	-0.683241
1.05783	-0.691151
1.05092	-0.699262
1.04392	-0.70758
1.03685	-0.716114
1.02969	-0.72487
1.02244	-0.733856
1.0151	-0.743082
1.00767	-0.752554
1.00014	-0.762284
0.99252	-0.772279
0.984797	-0.782549
0.976971	-0.793105
0.96904	-0.803958
0.961001	-0.815119
0.95285	-0.826599
0.944584	-0.838411
0.9362	-0.850567
0.927694	-0.863081
0.919063	-0.875967
0.910303	-0.88924
0.901411	-0.902914
0.892382	-0.917006
0.883212	-0.931532
0.873896	-0.946511
0.864431	-0.961959
0.854812	-0.977898
0.845033	-0.994347
0.835089	-1.01133
0.824976	-1.02886
0.814687	-1.04697
0.804218	-1.06568
0.793561	-1.08501
0.782711	-1.105
0.771661	-1.12567
0.760404	-1.14705
0.748934	-1.16916
0.737242	-1.19205
0.725322	-1.21575
0.713164	-1.24029
0.700761	-1.2657
0.688104	-1.29204
0.675184	-1.31933
0.661991	-1.34761
0.648514	-1.37695
