1.01	0.99
1.0199	0.979104
1.02969	0.967331
1.03936	0.954702
1.04891	0.941243
1.05832	0.926981
1.06759	0.911946
1.07671	0.896172
1.08567	0.879694
1.09447	0.86255
1.1031	0.844778
1.11155	0.82642
1.11981	0.807519
1.12788	0.788117
1.13577	0.76826
1.14345	0.747992
1.15093	0.727358
1.1582	0.706403
1.16527	0.685174
1.17212	0.663714
1.17875	0.642067
1.18518	0.620277
1.19138	0.598386
1.19736	0.576434
1.20313	0.554461
1.20867	0.532505
1.214	0.510601
1.2191	0.488784
1.22399	0.467087
1.22866	0.44554
1.23312	0.424172
1.23736	0.403008
1.24139	0.382074
1.24521	0.361391
1.24882	0.34098
1.25223	0.32086
1.25544	0.301047
1.25845	0.281555
1.26127	0.262396
1.26389	0.243583
1.26633	0.225123
1.26858	0.207025
1.27065	0.189293
1.27254	0.171934
1.27426	0.154949
1.27581	0.13834
1.27719	0.122109
1.27841	0.106254
1.27948	0.0907735
1.28038	0.0756656
1.28114	0.0609266
1.28175	0.0465522
1.28222	0.0325376
1.28254	0.0188772
1.28273	0.00556477
1.28279	-0.00740619
1.28271	-0.0200428
1.28251	-0.0323525
1.28219	-0.0443432
1.28174	-0.0560228
1.28118	-0.0673996
1.28051	-0.0784821
1.27973	-0.089279
1.27883	-0.099799
1.27783	-0.110051
1.27673	-0.120043
1.27553	-0.129785
1.27424	-0.139286
1.27284	-0.148553
1.27136	-0.157597
1.26978	-0.166425
1.26812	-0.175046
1.26637	-0.18347
1.26453	-0.191703
1.26262	-0.199755
1.26062	-0.207633
1.25854	-0.215346
1.25639	-0.222902
1.25416	-0.230308
1.25186	-0.237571
1.24948	-0.2447
1.24703	-0.251702
1.24452	-0.258584
1.24193	-0.265352
1.23928	-0.272015
1.23656	-0.278578
1.23377	-0.285048
1.23092	-0.291431
1.22801	-0.297735
1.22503	-0.303965
1.22199	-0.310128
1.21889	-0.316229
1.21573	-0.322274
1.2125	-0.32827
1.20922	-0.334221
1.20588	-0.340134
1.20248	-0.346014
1.19902	-0.351867
1.1955	-0.357697
1.19192	-0.363511
1.18829	-0.369313
1.18459	-0.37511
1.18084	-0.380905
1.17703	-0.386704
1.17317	-0.392513
1.16924	-0.398336
1.16526	-0.404179
1.16121	-0.410047
1.15711	-0.415944
1.15295	-0.421877
1.14874	-0.427849
1.14446	-0.433867
1.14012	-0.439935
1.13572	-0.44606
1.13126	-0.452245
1.12674	-0.458497
1.12215	-0.464821
1.1175	-0.471223
1.11279	-0.477708
1.10801	-0.484283
1.10317	-0.490952
1.09826	-0.497722
1.09328	-0.5046
1.08824	-0.511592
1.08312	-0.518703
1.07794	-0.525942
1.07268	-0.533314
1.06734	-0.540828
1.06193	-0.548489
1.05645	-0.556307
1.05089	-0.564288
1.04524	-0.572442
1.03952	-0.580775
1.03371	-0.589298
1.02782	-0.598019
1.02184	-0.606948
1.01577	-0.616094
1.00961	-0.625469
1.00335	-0.635082
0.997003	-0.644944
0.990553	-0.655069
0.984002	-0.665467
0.977348	-0.676152
0.970586	-0.687137
0.963715	-0.698436
0.95673	-0.710064
0.94963	-0.722036
0.942409	-0.734368
0.935066	-0.747078
0.927595	-0.760184
0.919993	-0.773704
0.912256	-0.787658
0.90438	-0.802067
0.896359	-0.816953
0.888189	-0.832339
0.879866	-0.84825
0.871383	-0.864711
0.862736	-0.88175
0.853919	-0.899395
0.844925	-0.917678
0.835748	-0.936629
0.826382	-0.956283
0.816819	-0.976676
0.807052	-0.997846
0.797074	-1.01983
0.786875	-1.04268
0.776449	-1.06643
0.765784	-1.09114
0.754873	-1.11685
0.743705	-1.14361
0.732268	-1.17149
0.720553	-1.20055
0.708548	-1.23084
0.69624	-1.26244
0.683615	-1.29542
0.670661	-1.32986
0.657362	-1.36584
0.643704	-1.40344
0.62967	-1.44275
0.615242	-1.48388
0.600403	-1.52692
0.585134	-1.57198
0.569414	-1.61918
0.553223	-1.66864
0.536536	-1.72049
0.519331	-1.77487
0.501583	-1.83191
0.483263	-1.89176
0.464346	-1.95459
0.4448	-2.02056
0.424594	-2.08984
0.403696	-2.16261
0.38207	-2.23906
0.359679	-2.31937
0.336485	-2.40374
0.312448	-2.49236
0.287524	-2.58545
0.26167	-2.68319
0.234838	-2.78579
0.20698	-2.89342
0.178046	-3.00627
0.147983	-3.12449
0.116738	-3.24821
0.0842561	-3.37754
0.0504807	-3.51252
0.0153555	-3.65317
-0.0211762	-3.79942
-0.0591704	-3.95112
-0.0986816	-4.10801
-0.139762	-4.26975
-0.182459	-4.4358
-0.226817	-4.60551
-0.272872	-4.77798
-0.320652	-4.95214
-0.370174	-5.12665
-0.42144	-5.29992
-0.474439	-5.47005
-0.52914	-5.63485
-0.585488	-5.79185
-0.643407	-5.93825
-0.702789	-6.07101
-0.763499	-6.18689
-0.825368	-6.28246
-0.888193	-6.35432
-0.951736	-6.39909
-1.01573	-6.41369
-1.07986	-6.3954
-1.14382	-6.34211
-1.20724	-6.25245
-1.26976	-6.12598
-1.33102	-5.96324
-1.39066	-5.76588
-1.44831	-5.53658
-1.50368	-5.27901
-1.55647	-4.99769
-1.60645	-4.69774
-1.65342	-4.38465
-1.69727	-4.06403
-1.73791	-3.74132
-1.77532	-3.42159
-1.80954	-3.10934
-1.84063	-2.80837
-1.86872	-2.52171
-1.89393	-2.25165
-1.91645	-1.99971
-1.93645	-1.76675
-1.95412	-1.55306
-1.96965	-1.35842
-1.98323	-1.18226
-1.99505	-1.02372
-2.00529	-0.881729
-2.01411	-0.755122
-2.02166	-0.642655
-2.02809	-0.543081
-2.03352	-0.455173
-2.03807	-0.377756
-2.04185	-0.309722
-2.04494	-0.250041
-2.04744	-0.197769
-2.04942	-0.152043
-2.05094	-0.112086
-2.05206	-0.0772014
-2.05283	-0.0467651
-2.0533	-0.0202244
-2.0535	0.00291029
-2.05348	0.0230709
-2.05324	0.0406371
-2.05284	0.0559423
-2.05228	0.0692784
-2.05159	0.0809007
-2.05078	0.0910321
-2.04987	0.0998671
-2.04887	0.107575
-2.04779	0.114303
-2.04665	0.12018
-2.04545	0.125318
-2.04419	0.129812
-2.0429	0.133749
-2.04156	0.1372
-2.04019	0.14023
-2.03878	0.142893
-2.03736	0.145239
-2.0359	0.147308
-2.03443	0.149136
-2.03294	0.150755
-2.03143	0.152193
-2.02991	0.153473
-2.02837	0.154615
-2.02683	0.155638
-2.02527	0.156557
-2.02371	0.157386
-2.02213	0.158136
-2.02055	0.158818
-2.01896	0.159441
-2.01737	0.160011
-2.01577	0.160537
-2.01416	0.161024
-2.01255	0.161476
-2.01094	0.161899
-2.00932	0.162297
-2.0077	0.162672
-2.00607	0.163027
-2.00444	0.163366
-2.00281	0.163691
-2.00117	0.164002
-1.99953	0.164303
-1.99789	0.164594
-1.99624	0.164877
-1.99459	0.165154
-1.99294	0.165424
-1.99128	0.165689
-1.98963	0.16595
-1.98797	0.166207
-1.98631	0.166461
-1.98464	0.166712
-1.98297	0.166961
-1.9813	0.167208
-1.97963	0.167454
-1.97796	0.167699
-1.97628	0.167943
-1.9746	0.168186
-1.97292	0.168429
-1.97124	0.168671
-1.96955	0.168914
-1.96786	0.169156
-1.96617	0.169399
-1.96447	0.169642
-1.96278	0.169886
-1.96108	0.170129
-1.95938	0.170374
-1.95767	0.170619
-1.95597	0.170865
-1.95426	0.171111
-1.95255	0.171358
-1.95083	0.171606
-1.94912	0.171855
-1.9474	0.172105
-1.94568	0.172356
-1.94396	0.172608
-1.94223	0.17286
-1.9405	0.173114
-1.93877	0.173369
-1.93704	0.173625
-1.9353	0.173882
-1.93356	0.17414
-1.93182	0.174399
-1.93008	0.17466
-1.92833	0.174921
-1.92658	0.175184
-1.92483	0.175448
-1.92307	0.175713
-1.92132	0.175979
-1.91956	0.176247
-1.91779	0.176515
-1.91603	0.176786
-1.91426	0.177057
-1.91249	0.17733
-1.91072	0.177603
-1.90894	0.177879
-1.90716	0.178155
-1.90538	0.178433
-1.9036	0.178712
-1.90181	0.178993
-1.90002	0.179275
-1.89823	0.179558
-1.89643	0.179843
-1.89463	0.180129
-1.89283	0.180417
-1.89103	0.180706
-1.88922	0.180996
-1.88741	0.181288
-1.8856	0.181582
-1.88378	0.181877
-1.88196	0.182173
-1.88014	0.182471
-1.87832	0.18277
-1.87649	0.183071
-1.87466	0.183374
-1.87282	0.183678
-1.87099	0.183983
-1.86915	0.18429
-1.8673	0.184599
-1.86546	0.18491
-1.86361	0.185222
-1.86176	0.185535
-1.8599	0.185851
-1.85804	0.186168
-1.85618	0.186486
-1.85432	0.186807
-1.85245	0.187129
-1.85058	0.187453
-1.8487	0.187778
-1.84682	0.188106
-1.84494	0.188435
-1.84306	0.188766
-1.84117	0.189098
-1.83928	0.189433
-1.83739	0.189769
-1.83549	0.190108
-1.83359	0.190448
-1.83168	0.19079
-1.82978	0.191134
-1.82786	0.19148
-1.82595	0.191827
-1.82403	0.192177
-1.82211	0.192529
-1.82018	0.192883
-1.81826	0.193239
-1.81632	0.193596
-1.81439	0.193956
-1.81245	0.194318
-1.8105	0.194682
-1.80856	0.195048
-1.80661	0.195417
-1.80465	0.195787
-1.80269	0.19616
-1.80073	0.196535
-1.79877	0.196912
-1.7968	0.197291
-1.79483	0.197673
-1.79285	0.198057
-1.79087	0.198443
-1.78888	0.198831
-1.7869	0.199222
-1.7849	0.199615
-1.78291	0.200011
-1.78091	0.200409
-1.7789	0.200809
-1.77689	0.201212
-1.77488	0.201618
-1.77287	0.202026
-1.77085	0.202436
-1.76882	0.20285
-1.76679	0.203265
-1.76476	0.203684
-1.76272	0.204105
-1.76068	0.204528
-1.75864	0.204955
-1.75659	0.205384
-1.75453	0.205816
-1.75248	0.206251
-1.75041	0.206688
-1.74835	0.207129
-1.74628	0.207572
-1.7442	0.208018
-1.74212	0.208467
-1.74003	0.208919
-1.73795	0.209374
-1.73585	0.209833
-1.73375	0.210294
-1.73165	0.210758
-1.72954	0.211226
-1.72743	0.211697
-1.72531	0.21217
-1.72319	0.212648
-1.72107	0.213128
-1.71893	0.213612
-1.7168	0.214099
-1.71466	0.21459
-1.71251	0.215084
-1.71036	0.215581
-1.7082	0.216082
-1.70604	0.216587
-1.70388	0.217095
-1.70171	0.217607
-1.69953	0.218122
-1.69735	0.218641
-1.69516	0.219164
-1.69297	0.219691
-1.69077	0.220222
-1.68857	0.220756
-1.68637	0.221295
-1.68415	0.221837
-1.68193	0.222384
-1.67971	0.222934
-1.67748	0.223489
-1.67525	0.224048
-1.67301	0.224611
-1.67076	0.225179
-1.66851	0.225751
-1.66625	0.226327
-1.66399	0.226908
-1.66172	0.227493
-1.65944	0.228083
-1.65716	0.228677
-1.65488	0.229276
-1.65258	0.22988
-1.65028	0.230489
-1.64798	0.231102
-1.64567	0.231721
-1.64335	0.232344
-1.64103	0.232973
-1.6387	0.233606
-1.63636	0.234245
-1.63402	0.234889
-1.63167	0.235539
-1.62931	0.236194
-1.62695	0.236854
-1.62458	0.23752
-1.62221	0.238191
-1.61983	0.238868
-1.61744	0.239551
-1.61504	0.24024
-1.61264	0.240935
-1.61023	0.241635
-1.60781	0.242342
-1.60539	0.243055
-1.60296	0.243774
-1.60052	0.2445
-1.59808	0.245232
-1.59563	0.245971
-1.59317	0.246716
-1.5907	0.247468
-1.58822	0.248227
-1.58574	0.248992
-1.58325	0.249765
-1.58075	0.250545
-1.57825	0.251332
-1.57574	0.252126
-1.57321	0.252928
-1.57068	0.253737
-1.56815	0.254554
-1.5656	0.255379
-1.56305	0.256212
-1.56049	0.257053
-1.55792	0.257901
-1.55534	0.258759
-1.55275	0.259624
-1.55015	0.260498
-1.54755	0.261381
-1.54493	0.262272
-1.54231	0.263173
-1.53968	0.264082
-1.53704	0.265001
-1.53439	0.265929
-1.53173	0.266866
-1.52906	0.267813
-1.52638	0.26877
-1.52369	0.269737
-1.521	0.270714
-1.51829	0.271702
-1.51557	0.272699
-1.51285	0.273708
-1.51011	0.274727
-1.50736	0.275758
-1.5046	0.276799
-1.50184	0.277852
-1.49906	0.278917
-1.49627	0.279993
-1.49347	0.281081
-1.49066	0.282182
-1.48784	0.283294
-1.485	0.28442
-1.48216	0.285558
-1.4793	0.28671
-1.47644	0.287874
-1.47356	0.289053
-1.47067	0.290245
-1.46776	0.291451
-1.46485	0.292671
-1.46192	0.293906
-1.45898	0.295156
-1.45603	0.296421
-1.45307	0.297701
-1.45009	0.298997
-1.4471	0.300309
-1.4441	0.301637
-1.44108	0.302982
-1.43805	0.304344
-1.43501	0.305723
-1.43195	0.30712
-1.42888	0.308534
-1.42579	0.309967
-1.4227	0.311418
-1.41958	0.312889
-1.41645	0.314379
-1.41331	0.315888
-1.41015	0.317418
-1.40698	0.318969
-1.40379	0.32054
-1.40058	0.322133
-1.39736	0.323748
-1.39412	0.325386
-1.39087	0.327046
-1.3876	0.328729
-1.38431	0.330437
-1.38101	0.332169
-1.37768	0.333925
-1.37434	0.335707
-1.37099	0.337515
-1.36761	0.33935
-1.36422	0.341212
-1.36081	0.343101
-1.35738	0.345019
-1.35393	0.346966
-1.35046	0.348943
-1.34697	0.35095
-1.34346	0.352989
-1.33993	0.355059
-1.33638	0.357161
-1.3328	0.359297
-1.32921	0.361467
-1.3256	0.363673
-1.32196	0.365914
-1.3183	0.368191
-1.31462	0.370506
-1.31091	0.37286
-1.30719	0.375253
-1.30343	0.377687
-1.29966	0.380162
-1.29585	0.38268
-1.29203	0.385241
-1.28818	0.387847
-1.2843	0.390499
-1.28039	0.393198
-1.27646	0.395946
-1.2725	0.398743
-1.26851	0.401591
-1.2645	0.404491
-1.26045	0.407445
-1.25638	0.410454
-1.25227	0.413521
-1.24814	0.416645
-1.24397	0.419829
-1.23977	0.423075
-1.23554	0.426385
-1.23128	0.429759
-1.22698	0.433201
-1.22265	0.436712
-1.21828	0.440294
-1.21388	0.443949
-1.20944	0.447679
-1.20496	0.451487
-1.20045	0.455375
-1.19589	0.459345
-1.1913	0.463401
-1.18667	0.467543
-1.18199	0.471776
-1.17727	0.476103
-1.17251	0.480525
-1.16771	0.485046
-1.16286	0.48967
-1.15796	0.494399
-1.15302	0.499238
-1.14802	0.504189
-1.14298	0.509257
-1.13789	0.514445
-1.13274	0.519758
-1.12755	0.525199
-1.1223	0.530774
-1.11699	0.536486
-1.11162	0.542342
-1.1062	0.548345
-1.10072	0.5545
-1.09517	0.560815
-1.08956	0.567294
-1.08389	0.573942
-1.07815	0.580768
-1.07234	0.587777
-1.06646	0.594975
-1.06052	0.602371
-1.05449	0.609972
-1.04839	0.617785
-1.04221	0.62582
-1.03596	0.634084
-1.02961	0.642587
-1.02319	0.651338
-1.01668	0.660347
-1.01007	0.669626
-1.00338	0.679184
-0.996584	0.689034
-0.989694	0.699188
-0.982702	0.709659
-0.975605	0.720459
-0.968401	0.731604
-0.961085	0.743108
-0.953653	0.754988
-0.946104	0.767259
-0.938431	0.779939
-0.930632	0.793046
-0.922701	0.806601
-0.914635	0.820623
-0.906429	0.835135
-0.898078	0.850158
-0.889576	0.865717
-0.880919	0.881839
-0.8721	0.898549
-0.863115	0.915875
-0.853956	0.93385
-0.844618	0.952503
-0.835093	0.97187
-0.825374	0.991985
-0.815454	1.01289
-0.805325	1.03462
-0.794979	1.05721
-0.784407	1.08073
-0.7736	1.1052
-0.762548	1.13069
-0.751241	1.15724
-0.739668	1.18492
-0.727819	1.21378
-0.715681	1.24389
-0.703242	1.27532
-0.690489	1.30814
-0.677408	1.34242
-0.663984	1.37825
-0.650201	1.41572
-0.636044	1.45491
-0.621495	1.49592
-0.606536	1.53886
-0.591147	1.58383
-0.575309	1.63096
-0.558999	1.68036
-0.542196	1.73216
-0.524874	1.7865
-0.507009	1.84352
-0.488574	1.90338
-0.46954	1.96622
-0.449878	2.03223
-0.429556	2.10156
-0.40854	2.17441
-0.386796	2.25095
-0.364286	2.33139
-0.340973	2.41591
-0.316813	2.50472
-0.291766	2.59803
-0.265786	2.69602
-0.238826	2.7989
-0.210837	2.90686
-0.181768	3.02007
-0.151568	3.1387
-0.120181	3.26288
-0.0875517	3.39271
-0.0536246	3.52825
-0.0183421	3.66952
0.0183531	3.81643
0.0565174	3.96885
0.0962059	4.12653
0.137471	4.28911
0.180362	4.45605
0.224923	4.62669
0.27119	4.80015
0.319191	4.97532
0.368944	5.15087
0.420453	5.32517
0.473705	5.49631
0.528668	5.66209
0.585289	5.81999
0.643489	5.96719
0.703161	6.10061
0.764167	6.21695
0.826336	6.31277
0.889464	6.38459
0.95331	6.42903
1.0176	6.44295
1.08203	6.42363
1.14627	6.36892
1.20996	6.27749
1.27273	6.14888
1.33422	5.9837
1.39406	5.78363
1.45189	5.55144
1.50741	5.29088
1.56032	5.00655
1.61038	4.70366
1.65742	4.38777
1.7013	4.06458
1.74194	3.73957
1.77934	3.41784
1.81352	3.10392
1.84455	2.80161
1.87257	2.51394
1.89771	2.24317
1.92014	1.99078
1.94005	1.75762
1.95763	1.54391
1.97306	1.34942
1.98656	1.17354
1.99829	1.01536
2.00845	0.873813
2.01719	0.747687
2.02466	0.635728
2.03102	0.53667
2.03639	0.449275
2.04088	0.372359
2.0446	0.304807
2.04765	0.245584
2.05011	0.193743
2.05204	0.14842
2.05353	0.108837
2.05462	0.0742968
2.05536	0.0441769
2.0558	0.0179253
2.05598	-0.00494602
2.05593	-0.0248674
2.05568	-0.042217
2.05526	-0.0573264
2.05469	-0.070486
2.05398	-0.0819493
2.05316	-0.0919379
2.05224	-0.100645
2.05124	-0.108237
2.05015	-0.114863
2.04901	-0.120647
2.0478	-0.125702
2.04654	-0.130123
2.04524	-0.133993
2.0439	-0.137386
2.04253	-0.140363
2.04112	-0.142979
2.03969	-0.145283
2.03824	-0.147314
2.03677	-0.149109
2.03528	-0.150698
2.03377	-0.152109
2.03225	-0.153365
2.03072	-0.154486
2.02917	-0.15549
2.02762	-0.156391
2.02605	-0.157205
2.02448	-0.157941
2.0229	-0.158611
2.02131	-0.159222
2.01972	-0.159783
2.01812	-0.160299
2.01652	-0.160778
2.01491	-0.161223
2.0133	-0.161639
2.01168	-0.16203
2.01006	-0.1624
2.00844	-0.16275
2.00681	-0.163084
2.00518	-0.163404
2.00355	-0.163712
2.00191	-0.164009
2.00027	-0.164297
1.99863	-0.164577
1.99698	-0.16485
1.99533	-0.165117
1.99368	-0.16538
1.99203	-0.165638
1.99037	-0.165892
1.98871	-0.166144
1.98705	-0.166393
1.98539	-0.16664
1.98372	-0.166885
1.98205	-0.167129
1.98038	-0.167372
1.97871	-0.167614
1.97703	-0.167855
1.97535	-0.168096
1.97367	-0.168337
1.97199	-0.168578
1.9703	-0.168819
1.96861	-0.16906
1.96692	-0.169301
1.96523	-0.169543
1.96354	-0.169785
1.96184	-0.170027
1.96014	-0.170271
1.95844	-0.170515
1.95673	-0.17076
1.95502	-0.171005
1.95331	-0.171252
1.9516	-0.171499
1.94988	-0.171747
1.94817	-0.171996
1.94645	-0.172246
1.94472	-0.172497
1.943	-0.172749
1.94127	-0.173002
1.93954	-0.173257
1.93781	-0.173512
1.93607	-0.173768
1.93434	-0.174026
1.9326	-0.174284
1.93085	-0.174544
1.92911	-0.174805
1.92736	-0.175067
1.92561	-0.17533
1.92386	-0.175595
1.9221	-0.175861
1.92034	-0.176128
1.91858	-0.176396
1.91682	-0.176665
1.91505	-0.176936
1.91328	-0.177208
1.91151	-0.177481
1.90973	-0.177756
1.90796	-0.178032
1.90618	-0.178309
1.90439	-0.178588
1.90261	-0.178868
1.90082	-0.179149
1.89903	-0.179432
1.89723	-0.179716
1.89544	-0.180001
1.89364	-0.180288
1.89183	-0.180577
1.89003	-0.180867
1.88822	-0.181158
1.88641	-0.181451
1.88459	-0.181745
1.88277	-0.18204
1.88095	-0.182338
1.87913	-0.182636
1.8773	-0.182937
1.87547	-0.183238
1.87364	-0.183542
1.87181	-0.183847
1.86997	-0.184153
1.86813	-0.184461
1.86628	-0.184771
1.86443	-0.185082
1.86258	-0.185395
1.86073	-0.18571
1.85887	-0.186026
1.85701	-0.186344
1.85515	-0.186664
1.85328	-0.186985
1.85141	-0.187308
1.84954	-0.187633
1.84766	-0.187959
1.84578	-0.188288
1.8439	-0.188618
1.84201	-0.18895
1.84013	-0.189283
1.83823	-0.189619
1.83634	-0.189956
1.83444	-0.190296
1.83253	-0.190637
1.83063	-0.19098
1.82872	-0.191325
1.8268	-0.191672
1.82489	-0.192021
1.82297	-0.192372
1.82104	-0.192725
1.81912	-0.19308
1.81719	-0.193436
1.81525	-0.193795
1.81331	-0.194156
1.81137	-0.19452
1.80943	-0.194885
1.80748	-0.195252
1.80553	-0.195622
1.80357	-0.195993
1.80161	-0.196367
1.79965	-0.196743
1.79768	-0.197122
1.79571	-0.197502
1.79373	-0.197885
1.79175	-0.19827
1.78977	-0.198658
1.78778	-0.199047
1.78579	-0.19944
1.7838	-0.199834
1.7818	-0.200231
1.7798	-0.20063
1.77779	-0.201032
1.77578	-0.201437
1.77377	-0.201844
1.77175	-0.202253
1.76973	-0.202665
1.7677	-0.203079
1.76567	-0.203497
1.76363	-0.203916
1.76159	-0.204339
1.75955	-0.204764
1.7575	-0.205192
1.75545	-0.205623
1.7534	-0.206056
1.75133	-0.206493
1.74927	-0.206932
1.7472	-0.207374
1.74513	-0.207819
1.74305	-0.208266
1.74097	-0.208717
1.73888	-0.209171
1.73679	-0.209628
1.73469	-0.210088
1.73259	-0.210551
1.73048	-0.211017
1.72837	-0.211486
1.72626	-0.211959
1.72414	-0.212434
1.72202	-0.212913
1.71989	-0.213396
1.71775	-0.213881
1.71561	-0.21437
1.71347	-0.214863
1.71132	-0.215359
1.70917	-0.215858
1.70701	-0.216361
1.70485	-0.216868
1.70268	-0.217378
1.7005	-0.217891
1.69832	-0.218409
1.69614	-0.21893
1.69395	-0.219455
1.69176	-0.219984
1.68956	-0.220517
1.68735	-0.221054
1.68514	-0.221594
1.68292	-0.222139
1.6807	-0.222688
1.67848	-0.223241
1.67624	-0.223798
1.67401	-0.224359
1.67176	-0.224925
1.66951	-0.225495
1.66726	-0.226069
1.665	-0.226648
1.66273	-0.227231
1.66046	-0.227819
1.65818	-0.228411
1.6559	-0.229008
1.65361	-0.22961
1.65131	-0.230216
1.64901	-0.230828
1.6467	-0.231444
1.64439	-0.232065
1.64206	-0.232692
1.63974	-0.233323
1.6374	-0.233959
1.63506	-0.234601
1.63272	-0.235248
1.63037	-0.235901
1.62801	-0.236558
1.62564	-0.237222
1.62327	-0.237891
1.62089	-0.238565
1.6185	-0.239246
1.61611	-0.239932
1.61371	-0.240624
1.61131	-0.241322
1.60889	-0.242026
1.60647	-0.242736
1.60405	-0.243453
1.60161	-0.244175
1.59917	-0.244905
1.59672	-0.24564
1.59426	-0.246383
1.5918	-0.247131
1.58933	-0.247887
1.58685	-0.24865
1.58436	-0.249419
1.58187	-0.250196
1.57937	-0.25098
1.57686	-0.251771
1.57434	-0.252569
1.57181	-0.253375
1.56928	-0.254189
1.56674	-0.25501
1.56419	-0.255839
1.56163	-0.256676
1.55906	-0.257522
1.55649	-0.258375
1.5539	-0.259237
1.55131	-0.260107
1.54871	-0.260986
1.5461	-0.261873
1.54348	-0.26277
1.54085	-0.263675
1.53822	-0.264589
1.53557	-0.265513
1.53292	-0.266447
1.53025	-0.267389
1.52758	-0.268342
1.5249	-0.269304
1.5222	-0.270277
1.5195	-0.27126
1.51679	-0.272253
1.51406	-0.273257
1.51133	-0.274271
1.50859	-0.275296
1.50584	-0.276333
1.50307	-0.277381
1.5003	-0.27844
1.49751	-0.279511
1.49472	-0.280594
1.49191	-0.281689
1.4891	-0.282796
1.48627	-0.283916
1.48343	-0.285049
1.48058	-0.286194
1.47772	-0.287353
1.47484	-0.288525
1.47196	-0.289711
1.46906	-0.290911
1.46615	-0.292125
1.46323	-0.293353
1.4603	-0.294596
1.45735	-0.295854
1.45439	-0.297128
1.45142	-0.298417
1.44844	-0.299722
1.44544	-0.301043
1.44243	-0.30238
1.43941	-0.303734
1.43637	-0.305105
1.43332	-0.306494
1.43025	-0.307901
1.42717	-0.309325
1.42408	-0.310768
1.42097	-0.31223
1.41785	-0.313711
1.41471	-0.315212
1.41156	-0.316733
1.40839	-0.318274
1.40521	-0.319836
1.40201	-0.32142
1.3988	-0.323025
1.39557	-0.324652
1.39232	-0.326302
1.38906	-0.327975
1.38578	-0.329672
1.38248	-0.331393
1.37917	-0.333138
1.37584	-0.334909
1.37249	-0.336705
1.36912	-0.338528
1.36574	-0.340377
1.36233	-0.342255
1.35891	-0.34416
1.35547	-0.346094
1.35201	-0.348057
1.34853	-0.350051
1.34503	-0.352075
1.3415	-0.354131
1.33796	-0.356219
1.3344	-0.35834
1.33082	-0.360495
1.32721	-0.362684
1.32359	-0.364909
1.31994	-0.36717
1.31627	-0.369468
1.31257	-0.371805
1.30885	-0.37418
1.30511	-0.376596
1.30134	-0.379052
1.29755	-0.381551
1.29374	-0.384093
1.2899	-0.386678
1.28603	-0.38931
1.28214	-0.391988
1.27822	-0.394713
1.27427	-0.397488
1.2703	-0.400313
1.26629	-0.40319
1.26226	-0.40612
1.2582	-0.409105
1.25411	-0.412145
1.24999	-0.415243
1.24583	-0.418401
1.24165	-0.421619
1.23743	-0.4249
1.23319	-0.428245
1.2289	-0.431657
1.22459	-0.435137
1.22024	-0.438686
1.21585	-0.442309
1.21143	-0.446005
1.20697	-0.449778
1.20247	-0.45363
1.19793	-0.457563
1.19336	-0.46158
1.18874	-0.465684
1.18408	-0.469876
1.17938	-0.47416
1.17464	-0.478539
1.16986	-0.483016
1.16503	-0.487594
1.16015	-0.492275
1.15523	-0.497065
1.15026	-0.501965
1.14524	-0.506981
1.14017	-0.512115
1.13505	-0.517371
1.12987	-0.522755
1.12465	-0.528269
1.11936	-0.53392
1.11402	-0.539711
1.10863	-0.545647
1.10317	-0.551734
1.09765	-0.557977
1.09207	-0.564382
1.08643	-0.570954
1.08072	-0.5777
1.07494	-0.584626
1.0691	-0.591739
1.06318	-0.599046
1.05719	-0.606554
1.05112	-0.614272
1.04498	-0.622206
1.03876	-0.630367
1.03245	-0.638762
1.02607	-0.647401
1.01959	-0.656294
1.01303	-0.665451
1.00638	-0.674883
0.999627	-0.684602
0.992781	-0.694618
0.985835	-0.704946
0.978785	-0.715598
0.971629	-0.726587
0.964363	-0.737929
0.956984	-0.749639
0.949488	-0.761733
0.94187	-0.774228
0.934128	-0.787143
0.926257	-0.800495
0.918252	-0.814306
0.910109	-0.828597
0.901823	-0.843389
0.893389	-0.858706
0.884802	-0.874573
0.876056	-0.891017
0.867146	-0.908065
0.858065	-0.925746
0.848808	-0.944093
0.839367	-0.963137
0.829736	-0.982913
0.819906	-1.00346
0.809872	-1.02481
0.799624	-1.04702
0.789153	-1.07012
0.778452	-1.09416
0.767511	-1.11918
0.756319	-1.14526
0.744866	-1.17243
0.733142	-1.20075
0.721135	-1.2303
0.708832	-1.26113
0.69622	-1.29332
0.683287	-1.32693
0.670018	-1.36206
0.656397	-1.39879
0.642409	-1.4372
0.628037	-1.47738
0.613264	-1.51945
0.598069	-1.5635
0.582434	-1.60965
0.566337	-1.65802
0.549757	-1.70874
0.53267	-1.76192
0.515051	-1.81773
0.496873	-1.8763
0.47811	-1.9378
0.458732	-2.00237
0.438709	-2.0702
0.418007	-2.14145
0.396592	-2.21633
0.374429	-2.295
0.351479	-2.37767
0.327702	-2.46455
0.303057	-2.55582
0.277498	-2.65169
0.250981	-2.75237
0.223458	-2.85804
0.194877	-2.96889
0.165189	-3.08508
0.134338	-3.20677
0.10227	-3.33407
0.0689294	-3.46706
0.0342588	-3.60577
-0.00179886	-3.75017
-0.0393006	-3.90016
-0.0783022	-4.05554
-0.118858	-4.21598
-0.161017	-4.38105
-0.204828	-4.55014
-0.250329	-4.72246
-0.297554	-4.89701
-0.346524	-5.07258
-0.39725	-5.24765
-0.449726	-5.42046
-0.503931	-5.58893
-0.55982	-5.75067
-0.617327	-5.90301
-0.676357	-6.04298
-0.736787	-6.16736
-0.79846	-6.27276
-0.861188	-6.35572
-0.924745	-6.41279
-0.988873	-6.4407
-1.05328	-6.43651
-1.11765	-6.39781
-1.18162	-6.32288
-1.24485	-6.21085
-1.30696	-6.06185
-1.36758	-5.87707
-1.42635	-5.65881
-1.48294	-5.41039
-1.53704	-5.13606
-1.5884	-4.84077
-1.63681	-4.52998
-1.68211	-4.20936
-1.7242	-3.88449
-1.76305	-3.56071
-1.79866	-3.24279
-1.83108	-2.93488
-1.86043	-2.64035
-1.88684	-2.36181
-1.91045	-2.10108
-1.93146	-1.85927
-1.95006	-1.63688
-1.96643	-1.43387
-1.98076	-1.24978
-1.99326	-1.08383
-2.0041	-0.935003
-2.01345	-0.802147
-2.02147	-0.684023
-2.02831	-0.579363
-2.03411	-0.486913
-2.03898	-0.405463
-2.04303	-0.333864
-2.04637	-0.271047
-2.04908	-0.216023
-2.05124	-0.167893
-2.05292	-0.125839
-2.05418	-0.0891296
-2.05507	-0.0571092
-2.05564	-0.0291953
-2.05593	-0.00487197
-2.05598	0.0163162
-2.05582	0.0347699
-2.05547	0.0508408
-2.05496	0.0648371
-2.05431	0.0770283
-2.05354	0.0876495
-2.05267	0.0969061
-2.0517	0.104977
-2.05065	0.112017
-2.04953	0.118162
-2.04834	0.12353
-2.04711	0.128223
-2.04583	0.132329
-2.0445	0.135927
-2.04314	0.139082
-2.04175	0.141853
-2.04034	0.144291
-2.03889	0.146438
-2.03743	0.148335
-2.03594	0.150012
-2.03444	0.1515
-2.03293	0.152822
-2.0314	0.154001
-2.02986	0.155055
-2.02831	0.156001
-2.02675	0.156852
-2.02518	0.157621
-2.02361	0.15832
-2.02202	0.158956
-2.02043	0.159538
-2.01884	0.160074
-2.01724	0.160568
-2.01563	0.161028
-2.01402	0.161457
-2.01241	0.161858
-2.01079	0.162237
-2.00917	0.162596
-2.00754	0.162937
-2.00591	0.163263
-2.00428	0.163576
-2.00264	0.163878
-2.001	0.164169
-1.99936	0.164453
-1.99772	0.164729
-1.99607	0.164999
-1.99442	0.165263
-1.99277	0.165523
-1.99111	0.165779
-1.98945	0.166032
-1.98779	0.166282
-1.98613	0.16653
-1.98447	0.166776
-1.9828	0.16702
-1.98113	0.167264
-1.97946	0.167506
-1.97778	0.167748
-1.9761	0.167989
-1.97442	0.16823
-1.97274	0.16847
-1.97106	0.168711
-1.96937	0.168952
-1.96768	0.169193
-1.96599	0.169435
-1.96429	0.169677
-1.9626	0.169919
-1.9609	0.170162
-1.9592	0.170406
-1.95749	0.17065
-1.95578	0.170895
-1.95408	0.171142
-1.95236	0.171388
-1.95065	0.171636
-1.94893	0.171885
-1.94722	0.172134
-1.94549	0.172385
-1.94377	0.172637
-1.94204	0.172889
-1.94031	0.173143
-1.93858	0.173398
-1.93685	0.173654
-1.93511	0.173911
-1.93337	0.174169
-1.93163	0.174428
-1.92989	0.174688
-1.92814	0.17495
-1.92639	0.175213
-1.92464	0.175477
-1.92288	0.175742
-1.92113	0.176008
-1.91937	0.176276
-1.9176	0.176545
-1.91584	0.176815
-1.91407	0.177086
-1.9123	0.177359
-1.91053	0.177633
-1.90875	0.177909
-1.90697	0.178185
-1.90519	0.178463
-1.9034	0.178743
-1.90162	0.179023
-1.89983	0.179305
-1.89803	0.179589
-1.89624	0.179874
-1.89444	0.18016
-1.89264	0.180448
-1.89083	0.180737
-1.88903	0.181028
-1.88722	0.18132
-1.8854	0.181613
-1.88359	0.181908
-1.88177	0.182205
-1.87994	0.182503
-1.87812	0.182802
-1.87629	0.183104
-1.87446	0.183406
-1.87263	0.18371
-1.87079	0.184016
-1.86895	0.184323
-1.86711	0.184632
-1.86526	0.184943
-1.86341	0.185255
-1.86156	0.185569
-1.8597	0.185885
-1.85784	0.186202
-1.85598	0.186521
-1.85412	0.186841
-1.85225	0.187164
-1.85038	0.187488
-1.8485	0.187813
-1.84662	0.188141
-1.84474	0.18847
-1.84286	0.188801
-1.84097	0.189134
-1.83908	0.189469
-1.83718	0.189806
-1.83528	0.190144
-1.83338	0.190484
-1.83148	0.190827
-1.82957	0.191171
-1.82766	0.191517
-1.82574	0.191865
-1.82382	0.192215
-1.8219	0.192567
-1.81998	0.192921
-1.81805	0.193277
-1.81611	0.193635
-1.81418	0.193995
-1.81224	0.194357
-1.81029	0.194722
-1.80835	0.195088
-1.8064	0.195456
-1.80444	0.195827
-1.80248	0.1962
-1.80052	0.196575
-1.79856	0.196952
-1.79659	0.197332
-1.79461	0.197714
-1.79264	0.198098
-1.79066	0.198484
-1.78867	0.198873
-1.78668	0.199264
-1.78469	0.199658
-1.78269	0.200054
-1.78069	0.200452
-1.77869	0.200853
-1.77668	0.201256
-1.77467	0.201662
-1.77265	0.20207
-1.77063	0.202481
-1.7686	0.202894
-1.76658	0.20331
-1.76454	0.203729
-1.7625	0.20415
-1.76046	0.204574
-1.75842	0.205001
-1.75637	0.20543
-1.75431	0.205862
-1.75225	0.206297
-1.75019	0.206735
-1.74812	0.207176
-1.74605	0.20762
-1.74398	0.208066
-1.7419	0.208516
-1.73981	0.208968
-1.73772	0.209424
-1.73563	0.209882
-1.73353	0.210344
-1.73142	0.210808
-1.72932	0.211276
-1.7272	0.211747
-1.72509	0.212222
-1.72296	0.212699
-1.72084	0.21318
-1.71871	0.213664
-1.71657	0.214152
-1.71443	0.214642
-1.71228	0.215137
-1.71013	0.215635
-1.70797	0.216136
-1.70581	0.216641
-1.70365	0.21715
-1.70147	0.217662
-1.6993	0.218178
-1.69712	0.218697
-1.69493	0.219221
-1.69274	0.219748
-1.69054	0.220279
-1.68834	0.220814
-1.68613	0.221353
-1.68391	0.221896
-1.6817	0.222443
-1.67947	0.222994
-1.67724	0.223549
-1.67501	0.224108
-1.67276	0.224672
-1.67052	0.22524
-1.66827	0.225812
-1.66601	0.226389
-1.66374	0.22697
-1.66147	0.227556
-1.6592	0.228146
-1.65692	0.228741
-1.65463	0.229341
-1.65234	0.229945
-1.65004	0.230554
-1.64773	0.231168
-1.64542	0.231787
-1.6431	0.232411
-1.64078	0.233041
-1.63845	0.233675
-1.63611	0.234314
-1.63377	0.234959
-1.63142	0.235609
-1.62906	0.236264
-1.6267	0.236925
-1.62433	0.237592
-1.62195	0.238264
-1.61957	0.238941
-1.61718	0.239625
-1.61478	0.240314
-1.61238	0.24101
-1.60997	0.241711
-1.60755	0.242419
-1.60513	0.243132
-1.6027	0.243852
-1.60026	0.244578
-1.59781	0.245311
-1.59536	0.24605
-1.5929	0.246796
-1.59043	0.247549
-1.58796	0.248309
-1.58547	0.249075
-1.58298	0.249848
-1.58049	0.250629
-1.57798	0.251417
-1.57546	0.252212
-1.57294	0.253015
-1.57041	0.253825
-1.56787	0.254643
-1.56533	0.255468
-1.56277	0.256302
-1.56021	0.257143
-1.55764	0.257993
-1.55506	0.258851
-1.55247	0.259718
-1.54987	0.260593
-1.54727	0.261476
-1.54465	0.262369
-1.54203	0.26327
-1.5394	0.26418
-1.53675	0.2651
-1.5341	0.266029
-1.53144	0.266967
-1.52877	0.267916
-1.52609	0.268874
-1.52341	0.269842
-1.52071	0.27082
-1.518	0.271808
-1.51528	0.272807
-1.51255	0.273817
-1.50981	0.274837
-1.50707	0.275869
-1.50431	0.276912
-1.50154	0.277966
-1.49876	0.279032
-1.49597	0.280109
-1.49317	0.281199
-1.49036	0.282301
-1.48753	0.283415
-1.4847	0.284542
-1.48185	0.285681
-1.479	0.286834
-1.47613	0.288
-1.47325	0.28918
-1.47036	0.290374
-1.46745	0.291581
-1.46454	0.292803
-1.46161	0.29404
-1.45867	0.295291
-1.45571	0.296558
-1.45275	0.29784
-1.44977	0.299137
-1.44678	0.300451
-1.44377	0.301781
-1.44076	0.303128
-1.43773	0.304491
-1.43468	0.305872
-1.43162	0.307271
-1.42855	0.308687
-1.42546	0.310122
-1.42236	0.311575
-1.41925	0.313048
-1.41612	0.31454
-1.41297	0.316052
-1.40981	0.317584
-1.40663	0.319137
-1.40344	0.320711
-1.40023	0.322306
-1.39701	0.323923
-1.39377	0.325563
-1.39052	0.327226
-1.38724	0.328912
-1.38396	0.330622
-1.38065	0.332356
-1.37733	0.334115
-1.37398	0.3359
-1.37063	0.337711
-1.36725	0.339549
-1.36385	0.341413
-1.36044	0.343306
-1.35701	0.345227
-1.35355	0.347177
-1.35008	0.349157
-1.34659	0.351168
-1.34308	0.353209
-1.33955	0.355283
-1.33599	0.357389
-1.33242	0.359529
-1.32882	0.361703
-1.32521	0.363912
-1.32157	0.366156
-1.31791	0.368438
-1.31422	0.370757
-1.31051	0.373115
-1.30678	0.375513
-1.30303	0.377951
-1.29925	0.380431
-1.29544	0.382953
-1.29162	0.385519
-1.28776	0.38813
-1.28388	0.390787
-1.27997	0.393491
-1.27604	0.396244
-1.27207	0.399046
-1.26808	0.4019
-1.26406	0.404806
-1.26002	0.407766
-1.25594	0.410781
-1.25183	0.413853
-1.24769	0.416984
-1.24352	0.420175
-1.23932	0.423428
-1.23509	0.426744
-1.23082	0.430126
-1.22652	0.433575
-1.22218	0.437093
-1.21781	0.440683
-1.2134	0.444346
-1.20896	0.448085
-1.20448	0.451901
-1.19996	0.455798
-1.1954	0.459777
-1.1908	0.463841
-1.18617	0.467994
-1.18149	0.472237
-1.17676	0.476573
-1.172	0.481006
-1.16719	0.485538
-1.16233	0.490173
-1.15743	0.494914
-1.15248	0.499764
-1.14748	0.504728
-1.14244	0.509808
-1.13734	0.51501
-1.13219	0.520336
-1.12699	0.525792
-1.12173	0.531381
-1.11641	0.537109
-1.11104	0.54298
-1.10561	0.548999
-1.10012	0.555171
-1.09457	0.561503
-1.08896	0.568
-1.08328	0.574667
-1.07753	0.581512
-1.07171	0.588541
-1.06583	0.59576
-1.05987	0.603178
-1.05384	0.610801
-1.04773	0.618638
-1.04155	0.626697
-1.03528	0.634986
-1.02893	0.643515
-1.02249	0.652293
-1.01597	0.661331
-1.00936	0.670639
-1.00265	0.680229
-0.995848	0.690111
-0.988947	0.700298
-0.981944	0.710803
-0.974836	0.72164
-0.96762	0.732823
-0.960292	0.744367
-0.952848	0.756287
-0.945285	0.768601
-0.937599	0.781326
-0.929786	0.794481
-0.921841	0.808085
-0.91376	0.822159
-0.905539	0.836724
-0.897171	0.851804
-0.888653	0.867422
-0.879979	0.883606
-0.871143	0.90038
-0.862139	0.917775
-0.852961	0.935821
-0.843603	0.954549
-0.834058	0.973995
-0.824318	0.994193
-0.814376	1.01518
-0.804224	1.037
-0.793854	1.0597
-0.783257	1.08331
-0.772424	1.10789
-0.761345	1.13349
-0.75001	1.16016
-0.738409	1.18796
-0.726529	1.21696
-0.714359	1.24721
-0.701887	1.27878
-0.6891	1.31175
-0.675982	1.34619
-0.66252	1.3822
-0.648698	1.41984
-0.6345	1.45922
-0.619908	1.50044
-0.604903	1.54359
-0.589467	1.58879
-0.573579	1.63616
-0.557218	1.68581
-0.54036	1.73787
-0.522981	1.79249
-0.505056	1.84981
-0.486558	1.90998
-0.467458	1.97316
-0.447726	2.03951
-0.427331	2.10922
-0.406239	2.18245
-0.384415	2.25941
-0.361821	2.34027
-0.338418	2.42525
-0.314165	2.51453
-0.28902	2.60833
-0.262937	2.70683
-0.235868	2.81025
-0.207766	2.91877
-0.178578	3.03256
-0.148253	3.15177
-0.116735	3.27656
-0.0839693	3.407
-0.0498993	3.54316
-0.0144677	3.68503
0.0223826	3.83255
0.0607081	3.98555
0.100564	4.14378
0.142001	4.30685
0.18507	4.47423
0.229812	4.64521
0.276264	4.81891
0.324453	4.99419
0.374395	5.16969
0.426092	5.34374
0.47953	5.51443
0.534674	5.67949
0.591469	5.83637
0.649832	5.98224
0.709655	6.11399
0.770795	6.22829
0.833078	6.3217
0.896295	6.39074
0.960202	6.43205
1.02452	6.44252
1.08895	6.41948
1.15314	6.36088
1.21675	6.26545
1.27941	6.13286
1.34073	5.96383
1.40037	5.76016
1.45797	5.52473
1.51322	5.26138
1.56584	4.9748
1.61558	4.67024
1.66229	4.3533
1.70582	4.02964
1.74612	3.70475
1.78316	3.38366
1.817	3.07082
1.84771	2.76995
1.87541	2.48401
1.90025	2.21515
1.9224	1.9648
1.94205	1.73372
1.95938	1.5221
1.9746	1.32964
1.9879	1.15571
1.99946	0.999375
2.00945	0.859542
2.01805	0.735
2.0254	0.624487
2.03164	0.526741
2.03691	0.440528
2.04131	0.36467
2.04496	0.298061
2.04794	0.239676
2.05034	0.188575
2.05222	0.143904
2.05366	0.104895
2.05471	0.0708586
2.05542	0.0411796
2.05583	0.0153136
2.05599	-0.00722104
2.05591	-0.0268488
2.05565	-0.0439425
2.05521	-0.0588292
2.05462	-0.0717949
2.0539	-0.0830898
2.05307	-0.0929318
2.05214	-0.101511
2.05112	-0.108993
2.05003	-0.115522
2.04888	-0.121224
2.04767	-0.126206
2.0464	-0.130564
2.0451	-0.13438
2.04376	-0.137724
2.04238	-0.14066
2.04097	-0.143241
2.03954	-0.145513
2.03808	-0.147517
2.03661	-0.149289
2.03512	-0.150858
2.03361	-0.152251
2.03209	-0.153491
2.03055	-0.154599
2.029	-0.155591
2.02745	-0.156483
2.02588	-0.157287
2.02431	-0.158016
2.02273	-0.158679
2.02114	-0.159284
2.01955	-0.15984
2.01795	-0.160352
2.01635	-0.160827
2.01474	-0.161269
2.01313	-0.161682
2.01151	-0.162071
2.00989	-0.162438
2.00827	-0.162787
2.00664	-0.163119
2.00501	-0.163438
2.00337	-0.163744
2.00174	-0.16404
2.00009	-0.164327
1.99845	-0.164606
1.99681	-0.164879
1.99516	-0.165146
1.99351	-0.165408
1.99185	-0.165665
1.99019	-0.16592
1.98854	-0.166171
1.98687	-0.16642
1.98521	-0.166666
1.98354	-0.166911
1.98187	-0.167155
1.9802	-0.167398
1.97853	-0.16764
1.97685	-0.167881
1.97517	-0.168122
1.97349	-0.168363
1.97181	-0.168604
1.97012	-0.168844
1.96843	-0.169085
1.96674	-0.169327
1.96505	-0.169569
1.96335	-0.169811
1.96166	-0.170054
1.95995	-0.170297
1.95825	-0.170541
1.95655	-0.170786
1.95484	-0.171032
1.95313	-0.171278
1.95142	-0.171525
1.9497	-0.171774
1.94798	-0.172023
1.94626	-0.172273
1.94454	-0.172524
1.94281	-0.172776
1.94109	-0.17303
1.93936	-0.173284
1.93762	-0.173539
1.93589	-0.173796
1.93415	-0.174053
1.93241	-0.174312
1.93067	-0.174572
1.92892	-0.174833
1.92717	-0.175095
1.92542	-0.175359
1.92367	-0.175623
1.92191	-0.175889
1.92015	-0.176156
1.91839	-0.176425
1.91663	-0.176694
1.91486	-0.176965
1.91309	-0.177237
1.91132	-0.177511
1.90954	-0.177786
1.90777	-0.178062
1.90598	-0.178339
1.9042	-0.178618
1.90241	-0.178898
1.90063	-0.179179
1.89883	-0.179462
1.89704	-0.179747
1.89524	-0.180032
1.89344	-0.180319
1.89164	-0.180608
1.88983	-0.180898
1.88802	-0.181189
1.88621	-0.181482
1.8844	-0.181776
1.88258	-0.182072
1.88076	-0.18237
1.87893	-0.182669
1.87711	-0.182969
1.87528	-0.183271
1.87345	-0.183574
1.87161	-0.183879
1.86977	-0.184186
1.86793	-0.184494
1.86608	-0.184804
1.86424	-0.185116
1.86238	-0.185429
1.86053	-0.185744
1.85867	-0.18606
1.85681	-0.186378
1.85495	-0.186698
1.85308	-0.18702
1.85121	-0.187343
1.84934	-0.187668
1.84746	-0.187995
1.84558	-0.188323
1.8437	-0.188653
1.84181	-0.188985
1.83992	-0.189319
1.83803	-0.189655
1.83613	-0.189993
1.83423	-0.190332
1.83233	-0.190674
1.83042	-0.191017
1.82851	-0.191362
1.8266	-0.191709
1.82468	-0.192059
1.82276	-0.19241
1.82084	-0.192763
1.81891	-0.193118
1.81698	-0.193475
