1.01	0.99
1.0199	0.978905
1.02969	0.966739
1.03936	0.953529
1.04889	0.939309
1.05828	0.924115
1.06753	0.907989
1.07661	0.890976
1.08552	0.873123
1.09425	0.854482
1.10279	0.835107
1.11114	0.815053
1.11929	0.79438
1.12724	0.773145
1.13497	0.75141
1.14248	0.729234
1.14977	0.706679
1.15684	0.683804
1.16368	0.66067
1.17029	0.637334
1.17666	0.613854
1.1828	0.590285
1.1887	0.566681
1.19437	0.543091
1.1998	0.519566
1.20499	0.49615
1.20996	0.472887
1.21468	0.449816
1.21918	0.426976
1.22345	0.4044
1.2275	0.382119
1.23132	0.360163
1.23492	0.338555
1.23831	0.317318
1.24148	0.296472
1.24444	0.276034
1.2472	0.256017
1.24976	0.236434
1.25213	0.217294
1.2543	0.198603
1.25629	0.180367
1.25809	0.16259
1.25972	0.145271
1.26117	0.128411
1.26245	0.112008
1.26357	0.0960576
1.26453	0.0805564
1.26534	0.0654982
1.26599	0.0508763
1.2665	0.0366831
1.26687	0.0229101
1.2671	0.00954846
1.26719	-0.00341163
1.26716	-0.0159802
1.267	-0.0281679
1.26672	-0.0399854
1.26632	-0.0514439
1.2658	-0.0625546
1.26518	-0.0733289
1.26445	-0.0837784
1.26361	-0.0939144
1.26267	-0.103749
1.26163	-0.113292
1.2605	-0.122557
1.25927	-0.131553
1.25796	-0.140293
1.25655	-0.148787
1.25507	-0.157045
1.2535	-0.16508
1.25185	-0.172899
1.25012	-0.180515
1.24831	-0.187937
1.24643	-0.195174
1.24448	-0.202236
1.24246	-0.209132
1.24037	-0.215871
1.23821	-0.222462
1.23598	-0.228914
1.23369	-0.235235
1.23134	-0.241432
1.22893	-0.247514
1.22645	-0.253488
1.22392	-0.259363
1.22132	-0.265144
1.21867	-0.27084
1.21596	-0.276456
1.2132	-0.282001
1.21038	-0.28748
1.2075	-0.292899
1.20458	-0.298266
1.20159	-0.303586
1.19856	-0.308865
1.19547	-0.314109
1.19233	-0.319323
1.18913	-0.324515
1.18589	-0.329688
1.18259	-0.334849
1.17924	-0.340002
1.17584	-0.345154
1.17239	-0.35031
1.16889	-0.355474
1.16533	-0.360652
1.16173	-0.36585
1.15807	-0.371072
1.15436	-0.376324
1.1506	-0.38161
1.14678	-0.386936
1.14291	-0.392308
1.13899	-0.39773
1.13501	-0.403208
1.13098	-0.408747
1.12689	-0.414352
1.12275	-0.42003
1.11855	-0.425785
1.11429	-0.431624
1.10997	-0.437552
1.1056	-0.443575
1.10116	-0.4497
1.09666	-0.455932
1.0921	-0.462279
1.08748	-0.468746
1.08279	-0.475341
1.07804	-0.48207
1.07322	-0.488942
1.06833	-0.495963
1.06337	-0.503141
1.05834	-0.510486
1.05323	-0.518004
1.04805	-0.525705
1.0428	-0.533599
1.03746	-0.541694
1.03204	-0.550002
1.02654	-0.558531
1.02096	-0.567295
1.01529	-0.576303
1.00952	-0.585568
1.00367	-0.595103
0.997717	-0.604921
0.991667	-0.615036
0.985517	-0.625463
0.979262	-0.636217
0.9729	-0.647316
0.966427	-0.658775
0.959839	-0.670614
0.953133	-0.682852
0.946305	-0.695508
0.93935	-0.708605
0.932264	-0.722166
0.925042	-0.736215
0.91768	-0.750777
0.910172	-0.76588
0.902513	-0.781552
0.894698	-0.797825
0.886719	-0.814731
0.878572	-0.832305
0.870249	-0.850584
0.861743	-0.869607
0.853047	-0.889416
0.844153	-0.910056
0.835052	-0.931575
0.825737	-0.954025
0.816196	-0.977459
0.806422	-1.00194
0.796402	-1.02752
0.786127	-1.05427
0.775585	-1.08227
0.764762	-1.11159
0.753646	-1.14231
0.742223	-1.17452
0.730478	-1.20832
0.718395	-1.2438
0.705957	-1.28108
0.693146	-1.32027
0.679943	-1.3615
0.666328	-1.4049
0.652279	-1.45062
0.637773	-1.49881
0.622785	-1.54965
0.607288	-1.60331
0.591255	-1.65998
0.574655	-1.71988
0.557457	-1.78322
0.539624	-1.85025
0.521122	-1.92122
0.50191	-1.9964
0.481946	-2.0761
0.461185	-2.16061
0.439579	-2.25027
0.417076	-2.34544
0.393621	-2.44649
0.369157	-2.55379
0.343619	-2.66777
0.316941	-2.78885
0.289052	-2.91745
0.259878	-3.05403
0.229338	-3.19902
0.197347	-3.35285
0.163819	-3.51594
0.12866	-3.68865
0.0917731	-3.87132
0.0530599	-4.06417
0.0124181	-4.26734
-0.0302552	-4.4808
-0.0750632	-4.70433
-0.122107	-4.93747
-0.171481	-5.17944
-0.223276	-5.42908
-0.277566	-5.68477
-0.334414	-5.94434
-0.393858	-6.20497
-0.455907	-6.46315
-0.520539	-6.71458
-0.587685	-6.95414
-0.657226	-7.17588
-0.728985	-7.37312
-0.802716	-7.53858
-0.878102	-7.6646
-0.954748	-7.74356
-1.03218	-7.76826
-1.10987	-7.73253
-1.18719	-7.63181
-1.26351	-7.46371
-1.33815	-7.22849
-1.41043	-6.92935
-1.47972	-6.57248
-1.54545	-6.16676
-1.60712	-5.7232
-1.66435	-5.25419
-1.71689	-4.77253
-1.76462	-4.29059
-1.80752	-3.81945
-1.84572	-3.36842
-1.8794	-2.94463
-1.90885	-2.55302
-1.93438	-2.19646
-1.95634	-1.876
-1.9751	-1.59124
-1.99101	-1.34068
-2.00442	-1.12207
-2.01564	-0.932722
-2.02497	-0.769728
-2.03267	-0.630151
-2.03897	-0.511151
-2.04408	-0.410066
-2.04818	-0.324461
-2.05142	-0.252146
-2.05395	-0.191183
-2.05586	-0.139875
-2.05726	-0.096751
-2.05822	-0.060542
-2.05883	-0.0301632
-2.05913	-0.00469029
-2.05918	0.0166609
-2.05901	0.0345534
-2.05867	0.0495467
-2.05817	0.0621115
-2.05755	0.0726433
-2.05682	0.0814742
-2.05601	0.0888822
-2.05512	0.0951004
-2.05417	0.100324
-2.05317	0.104715
-2.05212	0.108411
-2.05103	0.111526
-2.04992	0.114155
-2.04878	0.116377
-2.04761	0.118259
-2.04643	0.119857
-2.04523	0.121216
-2.04402	0.122377
-2.0428	0.123372
-2.04156	0.124227
-2.04032	0.124965
-2.03907	0.125605
-2.03781	0.126164
-2.03655	0.126655
-2.03529	0.127088
-2.03402	0.127472
-2.03274	0.127817
-2.03146	0.128128
-2.03018	0.128411
-2.0289	0.12867
-2.02761	0.12891
-2.02632	0.129132
-2.02503	0.129342
-2.02374	0.129539
-2.02244	0.129727
-2.02114	0.129907
-2.01985	0.13008
-2.01854	0.130248
-2.01724	0.130411
-2.01594	0.13057
-2.01463	0.130726
-2.01332	0.130879
-2.01202	0.131031
-2.01071	0.13118
-2.00939	0.131329
-2.00808	0.131476
-2.00677	0.131623
-2.00545	0.131768
-2.00413	0.131914
-2.00281	0.132059
-2.00149	0.132204
-2.00017	0.132349
-1.99885	0.132494
-1.99752	0.132639
-1.9962	0.132784
-1.99487	0.132929
-1.99354	0.133075
-1.99221	0.133221
-1.99088	0.133367
-1.98954	0.133513
-1.98821	0.13366
-1.98687	0.133808
-1.98553	0.133955
-1.98419	0.134104
-1.98285	0.134252
-1.98151	0.134401
-1.98016	0.134551
-1.97882	0.134701
-1.97747	0.134852
-1.97612	0.135003
-1.97477	0.135155
-1.97342	0.135307
-1.97207	0.135459
-1.97071	0.135613
-1.96936	0.135766
-1.968	0.135921
-1.96664	0.136075
-1.96528	0.136231
-1.96392	0.136387
-1.96255	0.136543
-1.96119	0.1367
-1.95982	0.136858
-1.95845	0.137016
-1.95708	0.137175
-1.95571	0.137334
-1.95434	0.137494
-1.95296	0.137655
-1.95159	0.137816
-1.95021	0.137978
-1.94883	0.13814
-1.94745	0.138303
-1.94606	0.138467
-1.94468	0.138631
-1.94329	0.138796
-1.94191	0.138961
-1.94052	0.139127
-1.93912	0.139294
-1.93773	0.139461
-1.93634	0.139629
-1.93494	0.139797
-1.93354	0.139967
-1.93214	0.140137
-1.93074	0.140307
-1.92934	0.140478
-1.92793	0.14065
-1.92653	0.140823
-1.92512	0.140996
-1.92371	0.14117
-1.9223	0.141344
-1.92088	0.141519
-1.91947	0.141695
-1.91805	0.141872
-1.91663	0.142049
-1.91521	0.142227
-1.91379	0.142406
-1.91237	0.142585
-1.91094	0.142766
-1.90951	0.142946
-1.90808	0.143128
-1.90665	0.14331
-1.90522	0.143493
-1.90378	0.143677
-1.90235	0.143862
-1.90091	0.144047
-1.89947	0.144233
-1.89803	0.14442
-1.89658	0.144608
-1.89514	0.144796
-1.89369	0.144985
-1.89224	0.145175
-1.89079	0.145366
-1.88933	0.145557
-1.88788	0.14575
-1.88642	0.145943
-1.88496	0.146137
-1.8835	0.146331
-1.88204	0.146527
-1.88057	0.146723
-1.8791	0.14692
-1.87763	0.147118
-1.87616	0.147317
-1.87469	0.147517
-1.87321	0.147718
-1.87174	0.147919
-1.87026	0.148122
-1.86878	0.148325
-1.86729	0.148529
-1.86581	0.148734
-1.86432	0.14894
-1.86283	0.149146
-1.86134	0.149354
-1.85985	0.149563
-1.85835	0.149772
-1.85685	0.149983
-1.85535	0.150194
-1.85385	0.150406
-1.85235	0.15062
-1.85084	0.150834
-1.84933	0.151049
-1.84782	0.151265
-1.84631	0.151482
-1.84479	0.1517
-1.84328	0.15192
-1.84176	0.15214
-1.84024	0.152361
-1.83871	0.152583
-1.83719	0.152806
-1.83566	0.15303
-1.83413	0.153255
-1.8326	0.153482
-1.83106	0.153709
-1.82952	0.153937
-1.82799	0.154167
-1.82644	0.154397
-1.8249	0.154629
-1.82335	0.154862
-1.8218	0.155096
-1.82025	0.155331
-1.8187	0.155567
-1.81714	0.155804
-1.81559	0.156042
-1.81403	0.156282
-1.81246	0.156522
-1.8109	0.156764
-1.80933	0.157007
-1.80776	0.157251
-1.80619	0.157496
-1.80461	0.157743
-1.80304	0.157991
-1.80146	0.15824
-1.79987	0.15849
-1.79829	0.158741
-1.7967	0.158994
-1.79511	0.159248
-1.79352	0.159503
-1.79192	0.15976
-1.79033	0.160018
-1.78873	0.160277
-1.78712	0.160537
-1.78552	0.160799
-1.78391	0.161062
-1.7823	0.161327
-1.78069	0.161593
-1.77907	0.16186
-1.77745	0.162129
-1.77583	0.162399
-1.77421	0.16267
-1.77258	0.162943
-1.77095	0.163217
-1.76932	0.163493
-1.76768	0.16377
-1.76605	0.164049
-1.7644	0.164329
-1.76276	0.164611
-1.76112	0.164894
-1.75947	0.165179
-1.75781	0.165465
-1.75616	0.165753
-1.7545	0.166042
-1.75284	0.166333
-1.75118	0.166626
-1.74951	0.16692
-1.74784	0.167215
-1.74617	0.167513
-1.7445	0.167812
-1.74282	0.168113
-1.74114	0.168415
-1.73945	0.168719
-1.73777	0.169025
-1.73607	0.169333
-1.73438	0.169642
-1.73269	0.169953
-1.73099	0.170266
-1.72928	0.170581
-1.72758	0.170897
-1.72587	0.171215
-1.72416	0.171536
-1.72244	0.171858
-1.72072	0.172182
-1.719	0.172507
-1.71728	0.172835
-1.71555	0.173165
-1.71382	0.173496
-1.71208	0.17383
-1.71034	0.174166
-1.7086	0.174503
-1.70686	0.174843
-1.70511	0.175185
-1.70335	0.175528
-1.7016	0.175874
-1.69984	0.176222
-1.69808	0.176573
-1.69631	0.176925
-1.69454	0.177279
-1.69277	0.177636
-1.69099	0.177995
-1.68921	0.178356
-1.68743	0.17872
-1.68564	0.179085
-1.68385	0.179454
-1.68206	0.179824
-1.68026	0.180197
-1.67846	0.180572
-1.67665	0.18095
-1.67484	0.18133
-1.67303	0.181712
-1.67121	0.182097
-1.66939	0.182485
-1.66757	0.182875
-1.66574	0.183268
-1.66391	0.183663
-1.66207	0.184061
-1.66023	0.184461
-1.65838	0.184865
-1.65653	0.185271
-1.65468	0.185679
-1.65283	0.186091
-1.65096	0.186505
-1.6491	0.186922
-1.64723	0.187342
-1.64536	0.187765
-1.64348	0.188191
-1.6416	0.18862
-1.63971	0.189052
-1.63782	0.189487
-1.63593	0.189925
-1.63403	0.190366
-1.63212	0.190811
-1.63021	0.191258
-1.6283	0.191709
-1.62638	0.192163
-1.62446	0.19262
-1.62254	0.19308
-1.62061	0.193544
-1.61867	0.194012
-1.61673	0.194483
-1.61479	0.194957
-1.61284	0.195435
-1.61088	0.195916
-1.60892	0.196401
-1.60696	0.19689
-1.60499	0.197383
-1.60302	0.197879
-1.60104	0.198379
-1.59905	0.198883
-1.59706	0.19939
-1.59507	0.199902
-1.59307	0.200418
-1.59107	0.200938
-1.58906	0.201462
-1.58704	0.20199
-1.58502	0.202522
-1.583	0.203059
-1.58097	0.203599
-1.57893	0.204145
-1.57689	0.204694
-1.57484	0.205248
-1.57279	0.205807
-1.57073	0.20637
-1.56867	0.206938
-1.5666	0.207511
-1.56452	0.208089
-1.56244	0.208671
-1.56036	0.209258
-1.55826	0.209851
-1.55617	0.210448
-1.55406	0.21105
-1.55195	0.211658
-1.54983	0.212271
-1.54771	0.212889
-1.54558	0.213513
-1.54345	0.214142
-1.54131	0.214777
-1.53916	0.215417
-1.537	0.216064
-1.53484	0.216716
-1.53268	0.217373
-1.5305	0.218037
-1.52832	0.218707
-1.52614	0.219383
-1.52394	0.220066
-1.52174	0.220754
-1.51953	0.221449
-1.51732	0.222151
-1.5151	0.222859
-1.51287	0.223574
-1.51063	0.224296
-1.50839	0.225025
-1.50614	0.225761
-1.50388	0.226504
-1.50162	0.227254
-1.49934	0.228012
-1.49706	0.228777
-1.49478	0.22955
-1.49248	0.23033
-1.49018	0.231118
-1.48787	0.231915
-1.48555	0.232719
-1.48322	0.233532
-1.48089	0.234353
-1.47854	0.235182
-1.47619	0.23602
-1.47383	0.236867
-1.47146	0.237723
-1.46908	0.238588
-1.4667	0.239462
-1.4643	0.240346
-1.4619	0.241239
-1.45949	0.242141
-1.45707	0.243054
-1.45464	0.243977
-1.4522	0.24491
-1.44975	0.245853
-1.44729	0.246807
-1.44482	0.247771
-1.44234	0.248747
-1.43985	0.249734
-1.43736	0.250732
-1.43485	0.251741
-1.43233	0.252763
-1.42981	0.253796
-1.42727	0.254842
-1.42472	0.2559
-1.42216	0.25697
-1.41959	0.258054
-1.41701	0.25915
-1.41442	0.26026
-1.41182	0.261384
-1.4092	0.262521
-1.40658	0.263673
-1.40394	0.264839
-1.40129	0.26602
-1.39863	0.267216
-1.39596	0.268427
-1.39327	0.269654
-1.39058	0.270896
-1.38787	0.272155
-1.38515	0.273431
-1.38241	0.274723
-1.37967	0.276033
-1.37691	0.27736
-1.37413	0.278705
-1.37134	0.280069
-1.36854	0.281451
-1.36573	0.282852
-1.3629	0.284273
-1.36006	0.285714
-1.3572	0.287175
-1.35433	0.288657
-1.35144	0.29016
-1.34854	0.291685
-1.34562	0.293233
-1.34269	0.294803
-1.33974	0.296396
-1.33678	0.298013
-1.3338	0.299654
-1.3308	0.30132
-1.32779	0.303012
-1.32476	0.304729
-1.32171	0.306474
-1.31865	0.308245
-1.31557	0.310044
-1.31247	0.311872
-1.30935	0.31373
-1.30621	0.315617
-1.30305	0.317535
-1.29988	0.319484
-1.29668	0.321466
-1.29347	0.323481
-1.29023	0.325529
-1.28698	0.327612
-1.2837	0.329731
-1.2804	0.331887
-1.27709	0.33408
-1.27375	0.336311
-1.27038	0.338582
-1.267	0.340894
-1.26359	0.343247
-1.26015	0.345643
-1.2567	0.348083
-1.25322	0.350568
-1.24971	0.353099
-1.24618	0.355678
-1.24262	0.358306
-1.23904	0.360984
-1.23543	0.363714
-1.23179	0.366498
-1.22813	0.369336
-1.22444	0.37223
-1.22071	0.375183
-1.21696	0.378196
-1.21318	0.38127
-1.20937	0.384407
-1.20552	0.38761
-1.20165	0.39088
-1.19774	0.39422
-1.1938	0.397632
-1.18982	0.401117
-1.18581	0.404679
-1.18176	0.408319
-1.17768	0.41204
-1.17356	0.415846
-1.1694	0.419738
-1.1652	0.423719
-1.16096	0.427793
-1.15669	0.431962
-1.15237	0.436231
-1.14801	0.440601
-1.1436	0.445078
-1.13915	0.449663
-1.13465	0.454363
-1.13011	0.459179
-1.12552	0.464117
-1.12088	0.469181
-1.11618	0.474376
-1.11144	0.479706
-1.10664	0.485177
-1.10179	0.490794
-1.09688	0.496561
-1.09192	0.502486
-1.08689	0.508575
-1.08181	0.514832
-1.07666	0.521267
-1.07145	0.527884
-1.06617	0.534692
-1.06082	0.541699
-1.0554	0.548912
-1.04991	0.556341
-1.04435	0.563994
-1.03871	0.571881
-1.03299	0.580011
-1.02719	0.588396
-1.02131	0.597046
-1.01534	0.605974
-1.00928	0.615191
-1.00313	0.62471
-0.996878	0.634546
-0.990533	0.644712
-0.984086	0.655225
-0.977533	0.6661
-0.970872	0.677355
-0.964099	0.689008
-0.957209	0.701079
-0.950198	0.713586
-0.943062	0.726554
-0.935796	0.740003
-0.928396	0.75396
-0.920857	0.768449
-0.913172	0.783499
-0.905337	0.799138
-0.897346	0.815398
-0.889192	0.832313
-0.880869	0.849916
-0.87237	0.868247
-0.863687	0.887345
-0.854814	0.907253
-0.845741	0.928017
-0.836461	0.949686
-0.826964	0.972312
-0.817241	0.99595
-0.807282	1.02066
-0.797075	1.04651
-0.78661	1.07356
-0.775874	1.10189
-0.764855	1.13158
-0.75354	1.16271
-0.741913	1.19537
-0.729959	1.22966
-0.717662	1.26568
-0.705005	1.30355
-0.69197	1.34338
-0.678536	1.3853
-0.664683	1.42946
-0.650389	1.47601
-0.635629	1.52509
-0.620378	1.5769
-0.604609	1.6316
-0.588293	1.6894
-0.571399	1.75052
-0.553893	1.81519
-0.535742	1.88364
-0.516905	1.95615
-0.497344	2.03299
-0.477014	2.11447
-0.455869	2.20091
-0.43386	2.29264
-0.410934	2.39003
-0.387033	2.49347
-0.362099	2.60333
-0.336065	2.72005
-0.308865	2.84406
-0.280424	2.97578
-0.250666	3.11568
-0.219509	3.26418
-0.186868	3.42172
-0.152651	3.5887
-0.116764	3.76548
-0.0791087	3.95235
-0.0395852	4.14953
0.00191007	4.35707
0.0454808	4.57491
0.0912299	4.80272
0.139257	5.03995
0.189657	5.28567
0.242513	5.53855
0.297899	5.79676
0.355866	6.0579
0.416445	6.31888
0.479634	6.57587
0.545393	6.82422
0.613635	7.05849
0.68422	7.27238
0.756944	7.45893
0.831533	7.61062
0.907639	7.71972
0.984836	7.77865
1.06262	7.78051
1.14043	7.71963
1.21762	7.59221
1.29355	7.39683
1.36751	7.13489
1.43886	6.81082
1.50697	6.43194
1.57129	6.00813
1.63137	5.55113
1.68688	5.07369
1.73762	4.58863
1.78351	4.10796
1.82459	3.64217
1.86101	3.19977
1.89301	2.78705
1.92088	2.40811
1.94496	2.06504
1.96561	1.75825
1.98319	1.48685
1.99806	1.24897
2.01055	1.04213
2.02097	0.863497
2.02961	0.710123
2.03671	0.579072
2.0425	0.467554
2.04717	0.37298
2.0509	0.293001
2.05383	0.225521
2.05609	0.168694
2.05777	0.12091
2.05898	0.0807784
2.05979	0.0471049
2.06026	0.0188695
2.06045	-0.0047944
2.0604	-0.0246209
2.06016	-0.0412299
2.05974	-0.0551434
2.05919	-0.0668006
2.05853	-0.0765699
2.05776	-0.0847603
2.05691	-0.0916306
2.056	-0.0973973
2.05502	-0.102242
2.054	-0.106315
2.05294	-0.109744
2.05184	-0.112635
2.05071	-0.115075
2.04956	-0.117139
2.04839	-0.118888
2.0472	-0.120374
2.046	-0.12164
2.04478	-0.122722
2.04355	-0.12365
2.04232	-0.12445
2.04107	-0.125141
2.03982	-0.125742
2.03856	-0.126267
2.0373	-0.12673
2.03603	-0.127139
2.03476	-0.127504
2.03349	-0.127832
2.03221	-0.128129
2.03093	-0.128399
2.02964	-0.128648
2.02836	-0.128879
2.02707	-0.129095
2.02578	-0.129298
2.02448	-0.12949
2.02319	-0.129673
2.02189	-0.129849
2.02059	-0.130019
2.01929	-0.130184
2.01799	-0.130344
2.01669	-0.130502
2.01538	-0.130656
2.01408	-0.130808
2.01277	-0.130958
2.01146	-0.131106
2.01015	-0.131254
2.00884	-0.1314
2.00752	-0.131546
2.00621	-0.131691
2.00489	-0.131835
2.00357	-0.13198
2.00225	-0.132124
2.00093	-0.132269
1.99961	-0.132413
1.99828	-0.132558
1.99696	-0.132702
1.99563	-0.132847
1.9943	-0.132992
1.99297	-0.133138
1.99164	-0.133284
1.99031	-0.13343
1.98897	-0.133576
1.98764	-0.133723
1.9863	-0.133871
1.98496	-0.134019
1.98362	-0.134167
1.98228	-0.134316
1.98094	-0.134465
1.97959	-0.134615
1.97825	-0.134765
1.9769	-0.134916
1.97555	-0.135067
1.9742	-0.135219
1.97285	-0.135372
1.97149	-0.135525
1.97014	-0.135678
1.96878	-0.135832
1.96742	-0.135986
1.96606	-0.136141
1.9647	-0.136297
1.96334	-0.136453
1.96197	-0.13661
1.96061	-0.136767
1.95924	-0.136925
1.95787	-0.137084
1.9565	-0.137243
1.95513	-0.137402
1.95375	-0.137562
1.95238	-0.137723
1.951	-0.137885
1.94962	-0.138047
1.94824	-0.138209
1.94686	-0.138372
1.94548	-0.138536
1.94409	-0.138701
1.9427	-0.138866
1.94131	-0.139031
1.93992	-0.139198
1.93853	-0.139365
1.93714	-0.139532
1.93574	-0.1397
1.93435	-0.139869
1.93295	-0.140039
1.93155	-0.140209
1.93015	-0.14038
1.92874	-0.140551
1.92734	-0.140723
1.92593	-0.140896
1.92452	-0.14107
1.92311	-0.141244
1.9217	-0.141419
1.92028	-0.141594
1.91887	-0.14177
1.91745	-0.141947
1.91603	-0.142125
1.91461	-0.142303
1.91319	-0.142482
1.91176	-0.142662
1.91033	-0.142842
1.90891	-0.143024
1.90748	-0.143206
1.90604	-0.143388
1.90461	-0.143572
1.90317	-0.143756
1.90174	-0.143941
1.9003	-0.144126
1.89886	-0.144313
1.89741	-0.1445
1.89597	-0.144688
1.89452	-0.144876
1.89307	-0.145066
1.89162	-0.145256
1.89017	-0.145447
1.88871	-0.145639
1.88726	-0.145832
1.8858	-0.146025
1.88434	-0.146219
1.88288	-0.146414
1.88141	-0.14661
1.87995	-0.146807
1.87848	-0.147005
1.87701	-0.147203
1.87554	-0.147402
1.87406	-0.147602
1.87259	-0.147803
1.87111	-0.148005
1.86963	-0.148208
1.86815	-0.148411
1.86666	-0.148616
1.86518	-0.148821
1.86369	-0.149027
1.8622	-0.149235
1.86071	-0.149443
1.85921	-0.149652
1.85771	-0.149862
1.85622	-0.150072
1.85471	-0.150284
1.85321	-0.150497
1.85171	-0.150711
1.8502	-0.150925
1.84869	-0.151141
1.84718	-0.151357
1.84567	-0.151575
1.84415	-0.151793
1.84263	-0.152013
1.84111	-0.152234
1.83959	-0.152455
1.83806	-0.152678
1.83654	-0.152901
1.83501	-0.153126
1.83348	-0.153352
1.83194	-0.153578
1.83041	-0.153806
1.82887	-0.154035
1.82733	-0.154265
1.82579	-0.154496
1.82424	-0.154728
1.8227	-0.154961
1.82115	-0.155195
1.81959	-0.155431
1.81804	-0.155667
1.81648	-0.155905
1.81492	-0.156144
1.81336	-0.156384
1.8118	-0.156625
1.81023	-0.156867
1.80866	-0.157111
1.80709	-0.157355
1.80552	-0.157601
1.80394	-0.157848
1.80236	-0.158096
1.80078	-0.158346
1.7992	-0.158597
1.79761	-0.158849
1.79603	-0.159102
1.79443	-0.159357
1.79284	-0.159612
1.79124	-0.159869
1.78965	-0.160128
1.78804	-0.160388
1.78644	-0.160649
1.78483	-0.160911
1.78323	-0.161175
1.78161	-0.16144
1.78	-0.161706
1.77838	-0.161974
1.77676	-0.162243
1.77514	-0.162514
1.77351	-0.162786
1.77189	-0.163059
1.77026	-0.163334
1.76862	-0.163611
1.76699	-0.163889
1.76535	-0.164168
1.76371	-0.164449
1.76206	-0.164731
1.76041	-0.165015
1.75876	-0.1653
1.75711	-0.165587
1.75546	-0.165875
1.7538	-0.166166
1.75214	-0.166457
1.75047	-0.16675
1.7488	-0.167045
1.74713	-0.167342
1.74546	-0.16764
1.74378	-0.16794
1.7421	-0.168241
1.74042	-0.168544
1.73874	-0.168849
1.73705	-0.169156
1.73536	-0.169464
1.73366	-0.169774
1.73196	-0.170086
1.73026	-0.170399
1.72856	-0.170715
1.72685	-0.171032
1.72514	-0.171351
1.72343	-0.171672
1.72171	-0.171995
1.71999	-0.17232
1.71827	-0.172646
1.71654	-0.172975
1.71481	-0.173305
1.71308	-0.173638
1.71134	-0.173972
1.7096	-0.174309
1.70786	-0.174647
1.70611	-0.174988
1.70436	-0.175331
1.70261	-0.175675
1.70085	-0.176022
1.69909	-0.176371
1.69733	-0.176722
1.69556	-0.177075
1.69379	-0.177431
1.69202	-0.177788
1.69024	-0.178148
1.68846	-0.17851
1.68667	-0.178875
1.68488	-0.179242
1.68309	-0.179611
1.68129	-0.179982
1.67949	-0.180356
1.67769	-0.180732
1.67588	-0.181111
1.67407	-0.181492
1.67226	-0.181876
1.67044	-0.182262
1.66862	-0.18265
1.66679	-0.183041
1.66496	-0.183435
1.66313	-0.183832
1.66129	-0.184231
1.65944	-0.184632
1.6576	-0.185037
1.65575	-0.185444
1.65389	-0.185854
1.65203	-0.186267
1.65017	-0.186682
1.64831	-0.187101
1.64643	-0.187522
1.64456	-0.187946
1.64268	-0.188373
1.6408	-0.188804
1.63891	-0.189237
1.63702	-0.189673
1.63512	-0.190112
1.63322	-0.190555
1.63131	-0.191
1.6294	-0.191449
1.62749	-0.191901
1.62557	-0.192357
1.62365	-0.192815
1.62172	-0.193277
1.61978	-0.193743
1.61785	-0.194212
1.6159	-0.194684
1.61396	-0.19516
1.61201	-0.195639
1.61005	-0.196122
1.60809	-0.196609
1.60612	-0.197099
1.60415	-0.197593
1.60218	-0.198091
1.60019	-0.198593
1.59821	-0.199098
1.59622	-0.199608
1.59422	-0.200121
1.59222	-0.200638
1.59021	-0.20116
1.5882	-0.201686
1.58619	-0.202215
1.58416	-0.20275
1.58214	-0.203288
1.5801	-0.203831
1.57806	-0.204378
1.57602	-0.204929
1.57397	-0.205485
1.57192	-0.206046
1.56986	-0.206611
1.56779	-0.207181
1.56572	-0.207756
1.56364	-0.208336
1.56156	-0.20892
1.55947	-0.209509
1.55737	-0.210104
1.55527	-0.210703
1.55317	-0.211308
1.55105	-0.211918
1.54893	-0.212533
1.54681	-0.213154
1.54468	-0.21378
1.54254	-0.214411
1.54039	-0.215048
1.53824	-0.215691
1.53609	-0.21634
1.53392	-0.216994
1.53175	-0.217655
1.52958	-0.218321
1.52739	-0.218994
1.5252	-0.219673
1.52301	-0.220358
1.5208	-0.221049
1.51859	-0.221747
1.51638	-0.222451
1.51415	-0.223163
1.51192	-0.22388
1.50968	-0.224605
1.50743	-0.225337
1.50518	-0.226076
1.50292	-0.226822
1.50065	-0.227575
1.49838	-0.228336
1.49609	-0.229105
1.4938	-0.22988
1.4915	-0.230664
1.4892	-0.231456
1.48688	-0.232256
1.48456	-0.233063
1.48223	-0.23388
1.47989	-0.234704
1.47754	-0.235537
1.47519	-0.236379
1.47282	-0.23723
1.47045	-0.238089
1.46807	-0.238958
1.46568	-0.239836
1.46328	-0.240724
1.46088	-0.241621
1.45846	-0.242528
1.45603	-0.243445
1.4536	-0.244372
1.45116	-0.245309
1.4487	-0.246257
1.44624	-0.247215
1.44377	-0.248185
1.44129	-0.249165
1.43879	-0.250156
1.43629	-0.251159
1.43378	-0.252174
1.43126	-0.2532
1.42873	-0.254239
1.42619	-0.25529
1.42363	-0.256353
1.42107	-0.257429
1.41849	-0.258518
1.41591	-0.259621
1.41331	-0.260736
1.41071	-0.261866
1.40809	-0.263009
1.40546	-0.264167
1.40282	-0.265339
1.40016	-0.266527
1.3975	-0.267729
1.39482	-0.268947
1.39213	-0.27018
1.38943	-0.27143
1.38671	-0.272696
1.38399	-0.273978
1.38125	-0.275278
1.37849	-0.276595
1.37573	-0.27793
1.37295	-0.279282
1.37016	-0.280654
1.36735	-0.282044
1.36453	-0.283454
1.36169	-0.284883
1.35885	-0.286332
1.35598	-0.287802
1.3531	-0.289293
1.35021	-0.290806
1.3473	-0.29234
1.34438	-0.293897
1.34144	-0.295477
1.33849	-0.29708
1.33552	-0.298707
1.33253	-0.300359
1.32952	-0.302036
1.3265	-0.303739
1.32347	-0.305467
1.32041	-0.307223
1.31734	-0.309006
1.31425	-0.310818
1.31114	-0.312658
1.30802	-0.314528
1.30487	-0.316428
1.30171	-0.31836
1.29852	-0.320323
1.29532	-0.322318
1.2921	-0.324347
1.28885	-0.32641
1.28559	-0.328509
1.2823	-0.330643
1.279	-0.332815
1.27567	-0.335024
1.27232	-0.337272
1.26895	-0.33956
1.26555	-0.341889
1.26213	-0.34426
1.25869	-0.346675
1.25522	-0.349134
1.25173	-0.351638
1.24821	-0.354189
1.24467	-0.356789
1.2411	-0.359438
1.23751	-0.362138
1.23389	-0.364891
1.23024	-0.367697
1.22656	-0.370559
1.22286	-0.373478
1.21912	-0.376456
1.21536	-0.379495
1.21156	-0.382595
1.20774	-0.385761
1.20388	-0.388992
1.19999	-0.392292
1.19607	-0.395662
1.19211	-0.399104
1.18812	-0.402622
1.18409	-0.406216
1.18003	-0.409891
1.17593	-0.413647
1.17179	-0.417489
1.16762	-0.421419
1.16341	-0.425439
1.15915	-0.429553
1.15486	-0.433765
1.15052	-0.438076
1.14614	-0.442491
1.14171	-0.447013
1.13724	-0.451647
1.13273	-0.456395
1.12816	-0.461263
1.12355	-0.466254
1.11889	-0.471373
1.11417	-0.476625
1.10941	-0.482014
1.10459	-0.487546
1.09971	-0.493227
1.09478	-0.499061
1.08979	-0.505054
1.08474	-0.511214
1.07963	-0.517546
1.07445	-0.524057
1.06921	-0.530754
1.0639	-0.537646
1.05853	-0.54474
1.05308	-0.552043
1.04756	-0.559566
1.04196	-0.567317
1.03629	-0.575307
1.03054	-0.583544
1.0247	-0.59204
1.01878	-0.600807
1.01277	-0.609856
1.00667	-0.619199
1.00048	-0.628851
0.994193	-0.638826
0.987805	-0.649138
0.981313	-0.659803
0.974715	-0.670837
0.968007	-0.682259
0.961184	-0.694087
0.954243	-0.706341
0.94718	-0.719041
0.93999	-0.732211
0.932668	-0.745873
0.925209	-0.760053
0.917608	-0.774777
0.909861	-0.790073
0.90196	-0.805972
0.8939	-0.822507
0.885675	-0.839709
0.877278	-0.857617
0.868702	-0.876269
0.859939	-0.895706
0.850982	-0.915972
0.841822	-0.937115
0.832451	-0.959184
0.822859	-0.982233
0.813037	-1.00632
0.802974	-1.03151
0.792659	-1.05786
0.78208	-1.08544
0.771226	-1.11434
0.760082	-1.14463
0.748636	-1.1764
0.736872	-1.20974
0.724775	-1.24475
0.712327	-1.28154
0.699512	-1.32023
0.686309	-1.36094
0.6727	-1.40379
0.658662	-1.44895
0.644173	-1.49655
0.629207	-1.54677
0.613739	-1.59978
0.597742	-1.65578
0.581184	-1.71497
0.564034	-1.77756
0.546258	-1.84381
0.52782	-1.91395
0.508681	-1.98826
0.488798	-2.06704
0.468128	-2.15059
0.446622	-2.23923
0.42423	-2.33333
0.400896	-2.43324
0.376564	-2.53936
0.35117	-2.65209
0.324649	-2.77185
0.296931	-2.89908
0.26794	-3.03423
0.237598	-3.17773
0.20582	-3.33002
0.17252	-3.49152
0.137605	-3.66263
0.100979	-3.84367
0.0625421	-4.0349
0.022193	-4.23648
-0.0201718	-4.44843
-0.0646561	-4.67056
-0.111362	-4.90246
-0.160386	-5.14343
-0.211821	-5.39238
-0.265744	-5.64779
-0.322222	-5.90758
-0.381298	-6.16906
-0.442989	-6.42886
-0.507277	-6.68279
-0.574105	-6.92587
-0.643364	-7.15229
-0.714887	-7.35545
-0.788441	-7.52812
-0.863722	-7.66265
-0.940349	-7.75132
-1.01786	-7.78678
-1.09573	-7.76256
-1.17336	-7.67374
-1.25009	-7.51745
-1.32527	-7.29343
-1.3982	-7.00436
-1.46825	-6.65594
-1.5348	-6.25662
-1.59737	-5.81719
-1.65554	-5.34992
-1.70904	-4.86771
-1.75772	-4.38311
-1.80155	-3.90759
-1.84063	-3.45084
-1.87513	-3.02042
-1.90534	-2.62168
-1.93156	-2.25783
-1.95413	-1.93022
-1.97344	-1.63865
-1.98982	-1.38177
-2.00364	-1.15741
-2.01521	-0.962917
-2.02484	-0.795386
-2.0328	-0.651853
-2.03932	-0.529436
-2.04461	-0.425424
-2.04886	-0.337326
-2.05224	-0.262902
-2.05487	-0.200161
-2.05687	-0.147362
-2.05834	-0.102989
-2.05937	-0.065738
-2.06003	-0.0344914
-2.06037	-0.0082971
-2.06046	0.0136529
-2.06032	0.032042
-2.06	0.0474465
-2.05953	0.0603516
-2.05892	0.0711649
-2.05821	0.0802284
-2.05741	0.0878286
-2.05653	0.0942055
-2.05559	0.0995599
-2.05459	0.10406
-2.05355	0.107845
-2.05247	0.111033
-2.05136	0.113722
-2.05023	0.115994
-2.04907	0.117918
-2.04789	0.119549
-2.04669	0.120937
-2.04548	0.122121
-2.04426	0.123134
-2.04303	0.124005
-2.04179	0.124756
-2.04054	0.125407
-2.03929	0.125974
-2.03803	0.126471
-2.03676	0.12691
-2.03549	0.127299
-2.03422	0.127648
-2.03294	0.127961
-2.03167	0.128247
-2.03038	0.128508
-2.0291	0.128749
-2.02781	0.128973
-2.02652	0.129182
-2.02523	0.129381
-2.02393	0.129569
-2.02264	0.129749
-2.02134	0.129922
-2.02004	0.13009
-2.01874	0.130253
-2.01744	0.130412
-2.01613	0.130567
-2.01483	0.130721
-2.01352	0.130872
-2.01221	0.131021
-2.0109	0.131169
-2.00959	0.131316
-2.00828	0.131462
-2.00696	0.131607
-2.00565	0.131752
-2.00433	0.131897
-2.00301	0.132041
-2.00169	0.132186
-2.00037	0.13233
-1.99905	0.132474
-1.99772	0.132619
-1.99639	0.132764
-1.99507	0.132909
-1.99374	0.133054
-1.99241	0.1332
-1.99108	0.133346
-1.98974	0.133492
-1.98841	0.133639
-1.98707	0.133786
-1.98573	0.133934
-1.98439	0.134082
-1.98305	0.13423
-1.98171	0.134379
-1.98037	0.134529
-1.97902	0.134679
-1.97767	0.134829
-1.97633	0.13498
-1.97498	0.135132
-1.97362	0.135284
-1.97227	0.135437
-1.97092	0.13559
-1.96956	0.135743
-1.9682	0.135897
-1.96685	0.136052
-1.96548	0.136208
-1.96412	0.136363
-1.96276	0.13652
-1.96139	0.136677
-1.96003	0.136834
-1.95866	0.136992
-1.95729	0.137151
-1.95592	0.13731
-1.95454	0.13747
-1.95317	0.137631
-1.95179	0.137792
-1.95042	0.137953
-1.94904	0.138116
-1.94765	0.138279
-1.94627	0.138442
-1.94489	0.138606
-1.9435	0.138771
-1.94211	0.138936
-1.94072	0.139102
-1.93933	0.139269
-1.93794	0.139436
-1.93655	0.139604
-1.93515	0.139772
-1.93375	0.139941
-1.93235	0.140111
-1.93095	0.140282
-1.92955	0.140453
-1.92814	0.140624
-1.92674	0.140797
-1.92533	0.14097
-1.92392	0.141144
-1.92251	0.141318
-1.9211	0.141493
-1.91968	0.141669
-1.91826	0.141845
-1.91685	0.142023
-1.91543	0.142201
-1.914	0.142379
-1.91258	0.142559
-1.91115	0.142739
-1.90973	0.142919
-1.9083	0.143101
-1.90687	0.143283
-1.90543	0.143466
-1.904	0.14365
-1.90256	0.143834
-1.90112	0.144019
-1.89968	0.144205
-1.89824	0.144392
-1.8968	0.144579
-1.89535	0.144768
-1.8939	0.144957
-1.89246	0.145147
-1.891	0.145337
-1.88955	0.145528
-1.8881	0.145721
-1.88664	0.145914
-1.88518	0.146107
-1.88372	0.146302
-1.88225	0.146497
-1.88079	0.146694
-1.87932	0.146891
-1.87785	0.147089
-1.87638	0.147288
-1.87491	0.147487
-1.87344	0.147688
-1.87196	0.147889
-1.87048	0.148091
-1.869	0.148294
-1.86752	0.148498
-1.86603	0.148703
-1.86454	0.148909
-1.86305	0.149115
-1.86156	0.149323
-1.86007	0.149531
-1.85857	0.149741
-1.85708	0.149951
-1.85558	0.150162
-1.85408	0.150375
-1.85257	0.150588
-1.85107	0.150802
-1.84956	0.151017
-1.84805	0.151233
-1.84654	0.15145
-1.84502	0.151668
-1.8435	0.151887
-1.84199	0.152107
-1.84046	0.152328
-1.83894	0.15255
-1.83742	0.152773
-1.83589	0.152997
-1.83436	0.153222
-1.83283	0.153448
-1.83129	0.153675
-1.82976	0.153903
-1.82822	0.154132
-1.82667	0.154363
-1.82513	0.154594
-1.82359	0.154827
-1.82204	0.15506
-1.82049	0.155295
-1.81893	0.155531
-1.81738	0.155768
-1.81582	0.156006
-1.81426	0.156246
-1.8127	0.156486
-1.81113	0.156728
-1.80957	0.15697
-1.808	0.157214
-1.80642	0.15746
-1.80485	0.157706
-1.80327	0.157954
-1.80169	0.158202
-1.80011	0.158452
-1.79853	0.158704
-1.79694	0.158956
-1.79535	0.15921
-1.79376	0.159465
-1.79216	0.159721
-1.79057	0.159979
-1.78897	0.160238
-1.78736	0.160498
-1.78576	0.16076
-1.78415	0.161023
-1.78254	0.161287
-1.78093	0.161553
-1.77931	0.16182
-1.77769	0.162088
-1.77607	0.162358
-1.77445	0.162629
-1.77282	0.162902
-1.77119	0.163176
-1.76956	0.163452
-1.76793	0.163729
-1.76629	0.164007
-1.76465	0.164287
-1.76301	0.164568
-1.76136	0.164851
-1.75971	0.165136
-1.75806	0.165422
-1.75641	0.165709
-1.75475	0.165999
-1.75309	0.166289
-1.75143	0.166582
-1.74976	0.166875
-1.74809	0.167171
-1.74642	0.167468
-1.74475	0.167767
-1.74307	0.168068
-1.74139	0.16837
-1.7397	0.168674
-1.73802	0.168979
-1.73633	0.169286
-1.73464	0.169596
-1.73294	0.169906
-1.73124	0.170219
-1.72954	0.170533
-1.72783	0.17085
-1.72612	0.171168
-1.72441	0.171487
-1.7227	0.171809
-1.72098	0.172133
-1.71926	0.172458
-1.71753	0.172786
-1.71581	0.173115
-1.71407	0.173447
-1.71234	0.17378
-1.7106	0.174115
-1.70886	0.174453
-1.70712	0.174792
-1.70537	0.175133
-1.70362	0.175477
-1.70186	0.175822
-1.7001	0.17617
-1.69834	0.17652
-1.69658	0.176872
-1.69481	0.177226
-1.69304	0.177582
-1.69126	0.177941
-1.68948	0.178302
-1.6877	0.178665
-1.68591	0.17903
-1.68412	0.179398
-1.68233	0.179768
-1.68053	0.180141
-1.67873	0.180516
-1.67692	0.180893
-1.67511	0.181273
-1.6733	0.181655
-1.67149	0.182039
-1.66966	0.182427
-1.66784	0.182816
-1.66601	0.183209
-1.66418	0.183603
-1.66234	0.184001
-1.6605	0.184401
-1.65866	0.184804
-1.65681	0.18521
-1.65496	0.185618
-1.6531	0.186029
-1.65124	0.186443
-1.64938	0.18686
-1.64751	0.187279
-1.64564	0.187702
-1.64376	0.188127
-1.64188	0.188556
-1.63999	0.188987
-1.6381	0.189422
-1.63621	0.189859
-1.63431	0.1903
-1.63241	0.190744
-1.6305	0.191191
-1.62859	0.191641
-1.62667	0.192094
-1.62475	0.192551
-1.62283	0.193011
-1.6209	0.193475
-1.61896	0.193942
-1.61702	0.194412
-1.61508	0.194886
-1.61313	0.195363
-1.61118	0.195844
-1.60922	0.196328
-1.60725	0.196817
-1.60529	0.197309
-1.60331	0.197804
-1.60133	0.198304
-1.59935	0.198807
-1.59736	0.199314
-1.59537	0.199825
-1.59337	0.20034
-1.59137	0.20086
-1.58936	0.201383
-1.58735	0.20191
-1.58533	0.202442
-1.5833	0.202978
-1.58127	0.203518
-1.57924	0.204063
-1.5772	0.204612
-1.57515	0.205165
-1.5731	0.205723
-1.57104	0.206286
-1.56898	0.206853
-1.56691	0.207425
-1.56484	0.208002
-1.56276	0.208583
-1.56067	0.20917
-1.55858	0.209761
-1.55648	0.210358
-1.55438	0.21096
-1.55227	0.211567
-1.55015	0.212179
-1.54803	0.212796
-1.5459	0.213419
-1.54377	0.214048
-1.54163	0.214681
-1.53948	0.215321
-1.53733	0.215966
-1.53517	0.216617
-1.533	0.217274
-1.53083	0.217937
-1.52865	0.218606
-1.52646	0.219282
-1.52427	0.219963
-1.52207	0.220651
-1.51986	0.221345
-1.51765	0.222046
-1.51543	0.222753
-1.5132	0.223467
-1.51097	0.224188
-1.50873	0.224916
-1.50648	0.22565
-1.50422	0.226392
-1.50196	0.227141
-1.49969	0.227898
-1.49741	0.228662
-1.49512	0.229433
-1.49283	0.230213
-1.49052	0.231
-1.48821	0.231795
-1.4859	0.232598
-1.48357	0.233409
-1.48124	0.234229
-1.47889	0.235057
-1.47654	0.235894
-1.47418	0.23674
-1.47182	0.237594
-1.46944	0.238458
-1.46706	0.23933
-1.46466	0.240213
-1.46226	0.241104
-1.45985	0.242005
-1.45743	0.242917
-1.455	0.243838
-1.45256	0.244769
-1.45011	0.245711
-1.44766	0.246663
-1.44519	0.247626
-1.44271	0.2486
-1.44023	0.249585
-1.43773	0.250581
-1.43523	0.251589
-1.43271	0.252609
-1.43018	0.25364
-1.42765	0.254684
-1.4251	0.25574
-1.42254	0.256809
-1.41998	0.257891
-1.4174	0.258985
-1.41481	0.260093
-1.41221	0.261215
-1.40959	0.26235
-1.40697	0.2635
-1.40434	0.264664
-1.40169	0.265842
-1.39903	0.267036
-1.39636	0.268245
-1.39368	0.269469
-1.39098	0.270709
-1.38828	0.271966
-1.38556	0.273239
-1.38282	0.274528
-1.38008	0.275835
-1.37732	0.27716
-1.37455	0.278502
-1.37176	0.279863
-1.36896	0.281242
-1.36615	0.282641
-1.36333	0.284059
-1.36049	0.285497
-1.35763	0.286955
-1.35476	0.288434
-1.35188	0.289934
-1.34898	0.291455
-1.34606	0.292999
-1.34313	0.294566
-1.34019	0.296156
-1.33723	0.297769
-1.33425	0.299407
-1.33125	0.301069
-1.32824	0.302757
-1.32522	0.30447
-1.32217	0.30621
-1.31911	0.307978
-1.31603	0.309773
-1.31293	0.311597
-1.30982	0.313449
-1.30668	0.315332
-1.30353	0.317245
-1.30035	0.31919
-1.29716	0.321167
-1.29395	0.323177
-1.29072	0.32522
-1.28747	0.327298
-1.28419	0.329412
-1.2809	0.331562
-1.27758	0.333749
-1.27425	0.335975
-1.27089	0.33824
-1.2675	0.340545
-1.2641	0.342892
-1.26067	0.345281
-1.25722	0.347714
-1.25374	0.350193
-1.25024	0.352717
-1.24671	0.355288
-1.24316	0.357909
-1.23958	0.36058
-1.23597	0.363302
-1.23234	0.366077
-1.22868	0.368907
-1.22499	0.371793
-1.22127	0.374737
-1.21753	0.37774
-1.21375	0.380805
-1.20994	0.383933
-1.2061	0.387126
-1.20223	0.390386
-1.19833	0.393715
-1.19439	0.397116
-1.19042	0.40059
-1.18641	0.40414
-1.18237	0.407768
-1.17829	0.411477
-1.17418	0.41527
-1.17002	0.419149
-1.16583	0.423117
-1.1616	0.427176
-1.15733	0.431331
-1.15302	0.435585
-1.14866	0.43994
-1.14426	0.4444
-1.13982	0.448969
-1.13533	0.453651
-1.13079	0.45845
-1.12621	0.46337
-1.12157	0.468415
-1.11689	0.473589
-1.11215	0.478899
-1.10736	0.484348
-1.10252	0.489943
-1.09762	0.495687
-1.09266	0.501588
-1.08765	0.507652
-1.08257	0.513884
-1.07743	0.520291
-1.07223	0.526881
-1.06696	0.53366
-1.06163	0.540636
-1.05622	0.547818
-1.05074	0.555214
-1.04519	0.562833
-1.03956	0.570684
-1.03385	0.578777
-1.02807	0.587123
-1.02219	0.595733
-1.01624	0.604618
-1.01019	0.613791
-1.00405	0.623264
-0.99782	0.633051
-0.99149	0.643167
-0.985058	0.653627
-0.978522	0.664447
-0.971877	0.675644
-0.965121	0.687236
-0.958249	0.699243
-0.951256	0.711684
-0.944139	0.724581
-0.936893	0.737957
-0.929514	0.751836
-0.921996	0.766243
-0.914333	0.781207
-0.906521	0.796756
-0.898553	0.812921
-0.890424	0.829735
-0.882127	0.847233
-0.873655	0.865453
-0.865	0.884433
-0.856156	0.904217
-0.847114	0.92485
-0.837865	0.94638
-0.828401	0.968859
-0.818713	0.992342
-0.808789	1.01689
-0.79862	1.04256
-0.788195	1.06943
-0.7775	1.09756
-0.766525	1.12704
-0.755254	1.15795
-0.743675	1.19037
