1.01	0.99
1.0199	0.978507
1.02969	0.965555
1.03934	0.951186
1.04885	0.93545
1.05821	0.918408
1.06739	0.900124
1.07639	0.880671
1.0852	0.860129
1.0938	0.83858
1.10219	0.816114
1.11035	0.79282
1.11828	0.768793
1.12596	0.744127
1.1334	0.718918
1.14059	0.693262
1.14753	0.667251
1.1542	0.640978
1.16061	0.614532
1.16675	0.587998
1.17263	0.561459
1.17825	0.534991
1.1836	0.508668
1.18869	0.482558
1.19351	0.456721
1.19808	0.431215
1.20239	0.406092
1.20645	0.381397
1.21027	0.357171
1.21384	0.333449
1.21717	0.310261
1.22027	0.287632
1.22315	0.265582
1.22581	0.244128
1.22825	0.223281
1.23048	0.203049
1.23251	0.183438
1.23434	0.164447
1.23599	0.146076
1.23745	0.128321
1.23873	0.111174
1.23985	0.0946275
1.24079	0.0786706
1.24158	0.0632913
1.24221	0.0484764
1.2427	0.0342114
1.24304	0.020481
1.24324	0.00726906
1.24332	-0.00544102
1.24326	-0.0176663
1.24308	-0.0294241
1.24279	-0.0407318
1.24238	-0.0516072
1.24187	-0.0620675
1.24125	-0.0721304
1.24052	-0.0818128
1.23971	-0.0911318
1.2388	-0.100104
1.23779	-0.108746
1.23671	-0.117073
1.23554	-0.125101
1.23429	-0.132846
1.23296	-0.140321
1.23155	-0.147541
1.23008	-0.15452
1.22853	-0.161271
1.22692	-0.167807
1.22524	-0.17414
1.2235	-0.180283
1.2217	-0.186246
1.21984	-0.192042
1.21791	-0.19768
1.21594	-0.203171
1.21391	-0.208525
1.21182	-0.213752
1.20968	-0.21886
1.2075	-0.223858
1.20526	-0.228756
1.20297	-0.23356
1.20063	-0.238279
1.19825	-0.242921
1.19582	-0.247493
1.19335	-0.252002
1.19083	-0.256455
1.18826	-0.260858
1.18565	-0.265218
1.183	-0.269541
1.18031	-0.273834
1.17757	-0.278101
1.17479	-0.28235
1.17196	-0.286585
1.1691	-0.290812
1.16619	-0.295036
1.16324	-0.299263
1.16025	-0.303498
1.15721	-0.307746
1.15413	-0.312013
1.15101	-0.316302
1.14785	-0.32062
1.14464	-0.324972
1.14139	-0.329361
1.1381	-0.333795
1.13476	-0.338276
1.13138	-0.342812
1.12795	-0.347406
1.12448	-0.352064
1.12096	-0.356792
1.11739	-0.361594
1.11377	-0.366476
1.11011	-0.371445
1.10639	-0.376505
1.10263	-0.381662
1.09881	-0.386923
1.09494	-0.392294
1.09102	-0.397782
1.08704	-0.403393
1.08301	-0.409133
1.07892	-0.415012
1.07477	-0.421035
1.07056	-0.42721
1.06628	-0.433547
1.06195	-0.440053
1.05755	-0.446738
1.05308	-0.453611
1.04855	-0.460681
1.04394	-0.46796
1.03926	-0.475457
1.0345	-0.483185
1.02967	-0.491156
1.02476	-0.499382
1.01977	-0.507877
1.01469	-0.516655
1.00952	-0.525732
1.00426	-0.535123
0.998913	-0.544846
0.993465	-0.554918
0.987915	-0.565358
0.982262	-0.576188
0.9765	-0.587429
0.970626	-0.599104
0.964635	-0.611238
0.958522	-0.623857
0.952284	-0.63699
0.945914	-0.650666
0.939407	-0.664919
0.932758	-0.679783
0.92596	-0.695295
0.919007	-0.711495
0.911892	-0.728426
0.904608	-0.746134
0.897147	-0.764669
0.8895	-0.784085
0.881659	-0.80444
0.873615	-0.825796
0.865357	-0.84822
0.856874	-0.871786
0.848157	-0.896574
0.839191	-0.922667
0.829964	-0.950161
0.820463	-0.979157
0.810671	-1.00976
0.800573	-1.0421
0.790152	-1.0763
0.779389	-1.11251
0.768264	-1.15087
0.756756	-1.19156
0.74484	-1.23477
0.732492	-1.2807
0.719685	-1.32958
0.706389	-1.38164
0.692573	-1.43716
0.678201	-1.49643
0.663237	-1.55978
0.647639	-1.62757
0.631364	-1.70019
0.614362	-1.77808
0.596581	-1.86171
0.577964	-1.95161
0.558448	-2.04837
0.537964	-2.15262
0.516438	-2.26508
0.493787	-2.38651
0.469922	-2.51777
0.444744	-2.65979
0.418146	-2.8136
0.39001	-2.9803
0.360207	-3.16108
0.328597	-3.35725
0.295024	-3.57017
0.259322	-3.80128
0.22131	-4.05207
0.180789	-4.32403
0.137549	-4.61863
0.0913622	-4.93719
0.0419903	-5.28083
-0.010818	-5.65025
-0.0673205	-6.04562
-0.127777	-6.46622
-0.192439	-6.91019
-0.261541	-7.37406
-0.335281	-7.85232
-0.413805	-8.33684
-0.497173	-8.81635
-0.585337	-9.27598
-0.678096	-9.69698
-0.775066	-10.0569
-0.875635	-10.3302
-0.978937	-10.4901
-1.08384	-10.5109
-1.18895	-10.3716
-1.29266	-10.0594
-1.39326	-9.57399
-1.489	-8.92931
-1.57829	-8.15366
-1.65983	-7.28688
-1.7327	-6.37508
-1.79645	-5.46424
-1.85109	-4.59438
-1.89703	-3.79548
-1.93499	-3.08607
-1.96585	-2.47391
-1.99059	-1.95818
-2.01017	-1.53221
-2.02549	-1.18597
-2.03735	-0.908142
-2.04643	-0.687473
-2.05331	-0.513598
-2.05844	-0.377441
-2.06222	-0.271327
-2.06493	-0.188926
-2.06682	-0.125112
-2.06807	-0.0757903
-2.06883	-0.0377245
-2.06921	-0.00837457
-2.06929	0.0142412
-2.06915	0.0316624
-2.06883	0.0450811
-2.06838	0.0554186
-2.06783	0.0633853
-2.06719	0.0695285
-2.0665	0.0742694
-2.06575	0.077932
-2.06497	0.0807654
-2.06417	0.0829612
-2.06334	0.0846666
-2.06249	0.0859947
-2.06163	0.0870325
-2.06076	0.087847
-2.05988	0.0884895
-2.059	0.0889996
-2.05811	0.0894078
-2.05721	0.0897374
-2.05632	0.0900066
-2.05542	0.0902291
-2.05451	0.0904157
-2.05361	0.0905747
-2.0527	0.0907123
-2.0518	0.0908335
-2.05089	0.090942
-2.04998	0.0910408
-2.04907	0.0911321
-2.04816	0.0912176
-2.04724	0.0912987
-2.04633	0.0913764
-2.04542	0.0914515
-2.0445	0.0915247
-2.04359	0.0915964
-2.04267	0.091667
-2.04176	0.0917367
-2.04084	0.0918058
-2.03992	0.0918745
-2.039	0.0919429
-2.03808	0.092011
-2.03716	0.0920791
-2.03624	0.0921471
-2.03532	0.0922151
-2.0344	0.0922831
-2.03347	0.0923512
-2.03255	0.0924194
-2.03163	0.0924876
-2.0307	0.092556
-2.02978	0.0926245
-2.02885	0.0926931
-2.02792	0.0927619
-2.027	0.0928308
-2.02607	0.0928999
-2.02514	0.0929691
-2.02421	0.0930385
-2.02328	0.093108
-2.02235	0.0931777
-2.02141	0.0932476
-2.02048	0.0933176
-2.01955	0.0933878
-2.01862	0.0934582
-2.01768	0.0935287
-2.01675	0.0935994
-2.01581	0.0936703
-2.01487	0.0937413
-2.01394	0.0938126
-2.013	0.093884
-2.01206	0.0939555
-2.01112	0.0940273
-2.01018	0.0940992
-2.00924	0.0941713
-2.0083	0.0942435
-2.00735	0.094316
-2.00641	0.0943886
-2.00547	0.0944614
-2.00452	0.0945344
-2.00358	0.0946076
-2.00263	0.0946809
-2.00168	0.0947545
-2.00074	0.0948282
-1.99979	0.0949021
-1.99884	0.0949761
-1.99789	0.0950504
-1.99694	0.0951249
-1.99599	0.0951995
-1.99504	0.0952743
-1.99408	0.0953494
-1.99313	0.0954246
-1.99217	0.0955
-1.99122	0.0955756
-1.99026	0.0956513
-1.98931	0.0957273
-1.98835	0.0958035
-1.98739	0.0958799
-1.98643	0.0959564
-1.98547	0.0960332
-1.98451	0.0961101
-1.98355	0.0961873
-1.98259	0.0962646
-1.98163	0.0963422
-1.98066	0.0964199
-1.9797	0.0964979
-1.97874	0.096576
-1.97777	0.0966544
-1.9768	0.0967329
-1.97584	0.0968117
-1.97487	0.0968907
-1.9739	0.0969699
-1.97293	0.0970492
-1.97196	0.0971288
-1.97099	0.0972086
-1.97002	0.0972887
-1.96904	0.0973689
-1.96807	0.0974493
-1.96709	0.09753
-1.96612	0.0976108
-1.96514	0.0976919
-1.96417	0.0977732
-1.96319	0.0978547
-1.96221	0.0979365
-1.96123	0.0980184
-1.96025	0.0981006
-1.95927	0.098183
-1.95829	0.0982656
-1.9573	0.0983484
-1.95632	0.0984315
-1.95534	0.0985148
-1.95435	0.0985983
-1.95337	0.098682
-1.95238	0.098766
-1.95139	0.0988502
-1.9504	0.0989346
-1.94941	0.0990193
-1.94842	0.0991042
-1.94743	0.0991893
-1.94644	0.0992746
-1.94545	0.0993602
-1.94445	0.0994461
-1.94346	0.0995321
-1.94246	0.0996184
-1.94147	0.099705
-1.94047	0.0997918
-1.93947	0.0998788
-1.93847	0.0999661
-1.93747	0.100054
-1.93647	0.100141
-1.93547	0.100229
-1.93447	0.100318
-1.93347	0.100406
-1.93246	0.100495
-1.93146	0.100584
-1.93045	0.100673
-1.92945	0.100763
-1.92844	0.100852
-1.92743	0.100943
-1.92642	0.101033
-1.92541	0.101123
-1.9244	0.101214
-1.92339	0.101305
-1.92237	0.101397
-1.92136	0.101488
-1.92034	0.10158
-1.91933	0.101672
-1.91831	0.101765
-1.91729	0.101857
-1.91628	0.10195
-1.91526	0.102043
-1.91424	0.102137
-1.91321	0.102231
-1.91219	0.102325
-1.91117	0.102419
-1.91014	0.102514
-1.90912	0.102608
-1.90809	0.102704
-1.90707	0.102799
-1.90604	0.102895
-1.90501	0.102991
-1.90398	0.103087
-1.90295	0.103184
-1.90192	0.10328
-1.90088	0.103378
-1.89985	0.103475
-1.89882	0.103573
-1.89778	0.103671
-1.89674	0.103769
-1.8957	0.103868
-1.89467	0.103967
-1.89363	0.104066
-1.89259	0.104166
-1.89154	0.104265
-1.8905	0.104366
-1.88946	0.104466
-1.88841	0.104567
-1.88737	0.104668
-1.88632	0.104769
-1.88527	0.104871
-1.88422	0.104973
-1.88317	0.105075
-1.88212	0.105178
-1.88107	0.105281
-1.88002	0.105384
-1.87897	0.105488
-1.87791	0.105592
-1.87685	0.105696
-1.8758	0.105801
-1.87474	0.105906
-1.87368	0.106011
-1.87262	0.106117
-1.87156	0.106223
-1.8705	0.106329
-1.86943	0.106436
-1.86837	0.106543
-1.8673	0.10665
-1.86624	0.106758
-1.86517	0.106866
-1.8641	0.106974
-1.86303	0.107083
-1.86196	0.107192
-1.86089	0.107301
-1.85982	0.107411
-1.85874	0.107521
-1.85767	0.107632
-1.85659	0.107742
-1.85551	0.107854
-1.85443	0.107965
-1.85335	0.108077
-1.85227	0.10819
-1.85119	0.108302
-1.85011	0.108415
-1.84902	0.108529
-1.84794	0.108643
-1.84685	0.108757
-1.84577	0.108872
-1.84468	0.108987
-1.84359	0.109102
-1.8425	0.109218
-1.8414	0.109334
-1.84031	0.109451
-1.83922	0.109568
-1.83812	0.109685
-1.83702	0.109803
-1.83593	0.109921
-1.83483	0.110039
-1.83373	0.110158
-1.83262	0.110278
-1.83152	0.110398
-1.83042	0.110518
-1.82931	0.110639
-1.82821	0.11076
-1.8271	0.110881
-1.82599	0.111003
-1.82488	0.111125
-1.82377	0.111248
-1.82266	0.111371
-1.82154	0.111495
-1.82043	0.111619
-1.81931	0.111744
-1.81819	0.111869
-1.81707	0.111994
-1.81595	0.11212
-1.81483	0.112246
-1.81371	0.112373
-1.81259	0.1125
-1.81146	0.112628
-1.81034	0.112756
-1.80921	0.112885
-1.80808	0.113014
-1.80695	0.113144
-1.80582	0.113274
-1.80469	0.113404
-1.80355	0.113535
-1.80242	0.113667
-1.80128	0.113799
-1.80014	0.113931
-1.799	0.114064
-1.79786	0.114198
-1.79672	0.114331
-1.79558	0.114466
-1.79443	0.114601
-1.79329	0.114736
-1.79214	0.114872
-1.79099	0.115009
-1.78984	0.115146
-1.78869	0.115283
-1.78754	0.115421
-1.78638	0.11556
-1.78523	0.115699
-1.78407	0.115839
-1.78291	0.115979
-1.78175	0.11612
-1.78059	0.116261
-1.77943	0.116403
-1.77826	0.116545
-1.7771	0.116688
-1.77593	0.116831
-1.77476	0.116976
-1.77359	0.11712
-1.77242	0.117265
-1.77125	0.117411
-1.77007	0.117557
-1.7689	0.117704
-1.76772	0.117852
-1.76654	0.118
-1.76536	0.118149
-1.76418	0.118298
-1.763	0.118448
-1.76181	0.118598
-1.76063	0.118749
-1.75944	0.118901
-1.75825	0.119053
-1.75706	0.119206
-1.75587	0.11936
-1.75468	0.119514
-1.75348	0.119669
-1.75228	0.119824
-1.75109	0.11998
-1.74989	0.120137
-1.74868	0.120295
-1.74748	0.120453
-1.74628	0.120611
-1.74507	0.120771
-1.74386	0.120931
-1.74265	0.121092
-1.74144	0.121253
-1.74023	0.121415
-1.73902	0.121578
-1.7378	0.121741
-1.73658	0.121906
-1.73536	0.122071
-1.73414	0.122236
-1.73292	0.122403
-1.7317	0.12257
-1.73047	0.122737
-1.72924	0.122906
-1.72801	0.123075
-1.72678	0.123245
-1.72555	0.123416
-1.72432	0.123587
-1.72308	0.123759
-1.72184	0.123932
-1.7206	0.124106
-1.71936	0.124281
-1.71812	0.124456
-1.71688	0.124632
-1.71563	0.124809
-1.71438	0.124987
-1.71313	0.125165
-1.71188	0.125344
-1.71063	0.125524
-1.70937	0.125705
-1.70811	0.125887
-1.70686	0.12607
-1.70559	0.126253
-1.70433	0.126437
-1.70307	0.126623
-1.7018	0.126809
-1.70053	0.126995
-1.69926	0.127183
-1.69799	0.127372
-1.69672	0.127561
-1.69544	0.127752
-1.69416	0.127943
-1.69289	0.128135
-1.6916	0.128328
-1.69032	0.128522
-1.68904	0.128717
-1.68775	0.128913
-1.68646	0.12911
-1.68517	0.129308
-1.68387	0.129506
-1.68258	0.129706
-1.68128	0.129907
-1.67998	0.130108
-1.67868	0.130311
-1.67738	0.130515
-1.67607	0.130719
-1.67477	0.130925
-1.67346	0.131132
-1.67215	0.13134
-1.67083	0.131548
-1.66952	0.131758
-1.6682	0.131969
-1.66688	0.132181
-1.66556	0.132394
-1.66423	0.132608
-1.66291	0.132823
-1.66158	0.13304
-1.66025	0.133257
-1.65892	0.133476
-1.65758	0.133695
-1.65625	0.133916
-1.65491	0.134138
-1.65357	0.134361
-1.65222	0.134585
-1.65088	0.134811
-1.64953	0.135038
-1.64818	0.135265
-1.64682	0.135494
-1.64547	0.135725
-1.64411	0.135956
-1.64275	0.136189
-1.64139	0.136423
-1.64003	0.136658
-1.63866	0.136895
-1.63729	0.137133
-1.63592	0.137372
-1.63455	0.137612
-1.63317	0.137854
-1.63179	0.138097
-1.63041	0.138342
-1.62903	0.138588
-1.62764	0.138835
-1.62625	0.139084
-1.62486	0.139334
-1.62347	0.139585
-1.62207	0.139838
-1.62067	0.140092
-1.61927	0.140348
-1.61787	0.140605
-1.61646	0.140864
-1.61506	0.141124
-1.61364	0.141385
-1.61223	0.141649
-1.61081	0.141913
-1.60939	0.14218
-1.60797	0.142448
-1.60655	0.142717
-1.60512	0.142988
-1.60369	0.143261
-1.60226	0.143535
-1.60082	0.143811
-1.59939	0.144088
-1.59794	0.144368
-1.5965	0.144649
-1.59505	0.144931
-1.5936	0.145216
-1.59215	0.145502
-1.5907	0.14579
-1.58924	0.146079
-1.58778	0.146371
-1.58632	0.146664
-1.58485	0.146959
-1.58338	0.147256
-1.58191	0.147555
-1.58043	0.147856
-1.57895	0.148158
-1.57747	0.148463
-1.57599	0.148769
-1.5745	0.149078
-1.57301	0.149388
-1.57151	0.149701
-1.57002	0.150015
-1.56852	0.150332
-1.56701	0.150651
-1.56551	0.150971
-1.564	0.151294
-1.56248	0.151619
-1.56097	0.151947
-1.55945	0.152276
-1.55793	0.152608
-1.5564	0.152941
-1.55487	0.153278
-1.55334	0.153616
-1.5518	0.153957
-1.55026	0.1543
-1.54872	0.154645
-1.54717	0.154993
-1.54562	0.155343
-1.54407	0.155696
-1.54251	0.156051
-1.54095	0.156409
-1.53939	0.156769
-1.53782	0.157132
-1.53625	0.157498
-1.53467	0.157866
-1.53309	0.158236
-1.53151	0.15861
-1.52993	0.158986
-1.52834	0.159365
-1.52674	0.159747
-1.52515	0.160131
-1.52354	0.160518
-1.52194	0.160909
-1.52033	0.161302
-1.51872	0.161698
-1.5171	0.162097
-1.51548	0.162499
-1.51385	0.162904
-1.51222	0.163312
-1.51059	0.163724
-1.50895	0.164139
-1.50731	0.164556
-1.50567	0.164978
-1.50402	0.165402
-1.50236	0.16583
-1.50071	0.166261
-1.49904	0.166695
-1.49738	0.167134
-1.4957	0.167575
-1.49403	0.16802
-1.49235	0.168469
-1.49066	0.168922
-1.48897	0.169378
-1.48728	0.169838
-1.48558	0.170301
-1.48388	0.170769
-1.48217	0.17124
-1.48046	0.171716
-1.47874	0.172195
-1.47702	0.172679
-1.47529	0.173167
-1.47356	0.173659
-1.47183	0.174155
-1.47008	0.174655
-1.46834	0.17516
-1.46659	0.175669
-1.46483	0.176183
-1.46307	0.176701
-1.4613	0.177224
-1.45953	0.177752
-1.45775	0.178284
-1.45597	0.178821
-1.45418	0.179363
-1.45239	0.179911
-1.45059	0.180463
-1.44878	0.18102
-1.44697	0.181582
-1.44516	0.18215
-1.44333	0.182723
-1.44151	0.183301
-1.43967	0.183885
-1.43784	0.184475
-1.43599	0.18507
-1.43414	0.185671
-1.43228	0.186277
-1.43042	0.18689
-1.42855	0.187509
-1.42668	0.188134
-1.42479	0.188765
-1.42291	0.189402
-1.42101	0.190046
-1.41911	0.190697
-1.41721	0.191354
-1.41529	0.192018
-1.41337	0.192688
-1.41145	0.193366
-1.40951	0.194051
-1.40757	0.194743
-1.40562	0.195442
-1.40367	0.196149
-1.40171	0.196863
-1.39974	0.197585
-1.39776	0.198315
-1.39578	0.199052
-1.39379	0.199798
-1.39179	0.200552
-1.38979	0.201315
-1.38777	0.202086
-1.38575	0.202866
-1.38372	0.203654
-1.38169	0.204452
-1.37964	0.205259
-1.37759	0.206075
-1.37553	0.2069
-1.37346	0.207736
-1.37138	0.208581
-1.3693	0.209436
-1.3672	0.210301
-1.3651	0.211177
-1.36299	0.212064
-1.36087	0.212961
-1.35874	0.213869
-1.3566	0.214789
-1.35445	0.21572
-1.35229	0.216662
-1.35013	0.217617
-1.34795	0.218584
-1.34576	0.219563
-1.34357	0.220555
-1.34136	0.221559
-1.33915	0.222577
-1.33692	0.223608
-1.33469	0.224653
-1.33244	0.225712
-1.33018	0.226786
-1.32791	0.227873
-1.32564	0.228976
-1.32335	0.230094
-1.32105	0.231228
-1.31873	0.232377
-1.31641	0.233542
-1.31407	0.234725
-1.31173	0.235924
-1.30937	0.23714
-1.307	0.238374
-1.30461	0.239626
-1.30222	0.240897
-1.29981	0.242187
-1.29739	0.243495
-1.29495	0.244824
-1.2925	0.246173
-1.29004	0.247543
-1.28756	0.248934
-1.28508	0.250347
-1.28257	0.251782
-1.28005	0.25324
-1.27752	0.254721
-1.27497	0.256227
-1.27241	0.257756
-1.26983	0.259311
-1.26724	0.260892
-1.26463	0.262499
-1.26201	0.264134
-1.25937	0.265796
-1.25671	0.267486
-1.25403	0.269206
-1.25134	0.270956
-1.24863	0.272737
-1.2459	0.27455
-1.24316	0.276395
-1.2404	0.278273
-1.23761	0.280186
-1.23481	0.282134
-1.23199	0.284119
-1.22915	0.286141
-1.22629	0.288201
-1.2234	0.2903
-1.2205	0.292441
-1.21758	0.294623
-1.21463	0.296848
-1.21166	0.299117
-1.20867	0.301432
-1.20566	0.303794
-1.20262	0.306204
-1.19956	0.308664
-1.19647	0.311176
-1.19336	0.313741
-1.19022	0.31636
-1.18706	0.319036
-1.18387	0.32177
-1.18065	0.324565
-1.1774	0.327421
-1.17413	0.330342
-1.17083	0.333329
-1.16749	0.336385
-1.16413	0.339511
-1.16073	0.342711
-1.15731	0.345986
-1.15385	0.349341
-1.15035	0.352776
-1.14683	0.356295
-1.14326	0.359902
-1.13966	0.363599
-1.13603	0.36739
-1.13235	0.371278
-1.12864	0.375266
-1.12489	0.37936
-1.12109	0.383562
-1.11726	0.387876
-1.11338	0.392308
-1.10946	0.396862
-1.10549	0.401542
-1.10147	0.406354
-1.09741	0.411303
-1.0933	0.416395
-1.08913	0.421635
-1.08492	0.427031
-1.08065	0.432587
-1.07632	0.438313
-1.07194	0.444214
-1.0675	0.450299
-1.06299	0.456575
-1.05843	0.463052
-1.0538	0.469738
-1.0491	0.476643
-1.04433	0.483777
-1.03949	0.491151
-1.03458	0.498777
-1.02959	0.506666
-1.02453	0.514832
-1.01938	0.523287
-1.01415	0.532048
-1.00883	0.541128
-1.00342	0.550544
-0.99791	0.560315
-0.992307	0.570458
-0.986602	0.580993
-0.980792	0.591941
-0.974873	0.603326
-0.96884	0.61517
-0.962688	0.6275
-0.956413	0.640344
-0.950009	0.65373
-0.943472	0.667691
-0.936795	0.682261
-0.929973	0.697475
-0.922998	0.713373
-0.915864	0.729998
-0.908564	0.747393
-0.90109	0.765609
-0.893434	0.784697
-0.885587	0.804715
-0.87754	0.825723
-0.869283	0.847788
-0.860805	0.870982
-0.852095	0.895382
-0.843141	0.921072
-0.833931	0.948144
-0.824449	0.976697
-0.814682	1.00684
-0.804614	1.03869
-0.794227	1.07237
-0.783503	1.10803
-0.772423	1.14581
-0.760965	1.18589
-0.749106	1.22844
-0.736822	1.27367
-0.724085	1.32179
-0.710867	1.37304
-0.697137	1.42769
-0.68286	1.48603
-0.667999	1.54838
-0.652516	1.61508
-0.636365	1.68653
-0.619499	1.76314
-0.601868	1.84539
-0.583414	1.93379
-0.564076	2.02891
-0.543787	2.13139
-0.522473	2.24191
-0.500054	2.36123
-0.476442	2.49018
-0.45154	2.62969
-0.425243	2.78075
-0.397436	2.94446
-0.367991	3.12199
-0.336771	3.31461
-0.303625	3.52369
-0.268388	3.75064
-0.230882	3.99696
-0.190912	4.26414
-0.148271	4.55366
-0.102734	4.8669
-0.0540651	5.20501
-0.00201502	5.56884
0.0536733	5.95867
0.11326	6.37404
0.177	6.81337
0.245134	7.27359
0.31787	7.7497
0.395367	8.23418
0.477709	8.71652
0.564874	9.18266
0.656701	9.6147
0.752848	9.99091
0.852757	10.2864
0.95562	10.4743
1.06036	10.5283
1.16565	10.4261
1.26991	10.1526
1.37143	9.7045
1.46848	9.09243
1.5594	8.34171
1.64282	7.4901
1.71772	6.58295
1.78355	5.66694
1.84022	4.78391
1.88806	3.96636
1.92772	3.23539
1.96008	2.60097
1.98609	2.06395
2.00673	1.61867
2.02291	1.25563
2.03547	0.963618
2.0451	0.731249
2.05242	0.547896
2.0579	0.404167
2.06194	0.292066
2.06486	0.204969
2.06691	0.137494
2.06828	0.0853326
2.06914	0.0450706
2.06959	0.0140268
2.06973	-0.00989275
2.06963	-0.028316
2.06935	-0.0425043
2.06892	-0.0534322
2.06839	-0.0618518
2.06777	-0.0683422
2.06708	-0.0733492
2.06635	-0.0772159
2.06558	-0.0802057
2.06478	-0.0825214
2.06395	-0.0843187
2.06311	-0.0857173
2.06225	-0.0868092
2.06138	-0.0876651
2.06051	-0.0883394
2.05962	-0.088874
2.05873	-0.0893008
2.05784	-0.0896448
2.05694	-0.089925
2.05605	-0.090156
2.05514	-0.0903491
2.05424	-0.090513
2.05334	-0.0906543
2.05243	-0.0907784
2.05152	-0.0908891
2.05061	-0.0909896
2.0497	-0.0910821
2.04879	-0.0911686
2.04788	-0.0912504
2.04697	-0.0913287
2.04605	-0.0914042
2.04514	-0.0914776
2.04422	-0.0915495
2.04331	-0.0916201
2.04239	-0.0916899
2.04148	-0.0917591
2.04056	-0.0918277
2.03964	-0.0918961
2.03872	-0.0919642
2.0378	-0.0920322
2.03688	-0.0921002
2.03596	-0.0921681
2.03504	-0.092236
2.03412	-0.092304
2.03319	-0.092372
2.03227	-0.0924402
2.03135	-0.0925085
2.03042	-0.0925769
2.02949	-0.0926454
2.02857	-0.0927141
2.02764	-0.0927829
2.02671	-0.0928518
2.02578	-0.0929209
2.02486	-0.0929902
2.02393	-0.0930596
2.02299	-0.0931292
2.02206	-0.093199
2.02113	-0.0932689
2.0202	-0.093339
2.01927	-0.0934092
2.01833	-0.0934796
2.0174	-0.0935502
2.01646	-0.093621
2.01552	-0.0936919
2.01459	-0.093763
2.01365	-0.0938342
2.01271	-0.0939057
2.01177	-0.0939773
2.01083	-0.0940491
2.00989	-0.0941211
2.00895	-0.0941932
2.00801	-0.0942655
2.00707	-0.094338
2.00612	-0.0944107
2.00518	-0.0944836
2.00423	-0.0945566
2.00329	-0.0946298
2.00234	-0.0947033
2.0014	-0.0947768
2.00045	-0.0948506
1.9995	-0.0949246
1.99855	-0.0949987
1.9976	-0.095073
1.99665	-0.0951475
1.9957	-0.0952222
1.99475	-0.0952971
1.99379	-0.0953722
1.99284	-0.0954475
1.99188	-0.0955229
1.99093	-0.0955986
1.98997	-0.0956744
1.98902	-0.0957505
1.98806	-0.0958267
1.9871	-0.0959031
1.98614	-0.0959797
1.98518	-0.0960565
1.98422	-0.0961336
1.98326	-0.0962108
1.9823	-0.0962882
1.98134	-0.0963658
1.98037	-0.0964436
1.97941	-0.0965216
1.97844	-0.0965998
1.97748	-0.0966782
1.97651	-0.0967569
1.97554	-0.0968357
1.97457	-0.0969147
1.9736	-0.096994
1.97263	-0.0970734
1.97166	-0.0971531
1.97069	-0.0972329
1.96972	-0.097313
1.96875	-0.0973933
1.96777	-0.0974738
1.9668	-0.0975545
1.96582	-0.0976355
1.96485	-0.0977166
1.96387	-0.097798
1.96289	-0.0978795
1.96191	-0.0979613
1.96093	-0.0980434
1.95995	-0.0981256
1.95897	-0.0982081
1.95799	-0.0982907
1.95701	-0.0983736
1.95602	-0.0984568
1.95504	-0.0985401
1.95405	-0.0986237
1.95307	-0.0987075
1.95208	-0.0987915
1.95109	-0.0988758
1.9501	-0.0989603
1.94911	-0.099045
1.94812	-0.09913
1.94713	-0.0992152
1.94614	-0.0993006
1.94515	-0.0993863
1.94415	-0.0994722
1.94316	-0.0995583
1.94216	-0.0996447
1.94116	-0.0997313
1.94017	-0.0998182
1.93917	-0.0999053
1.93817	-0.0999927
1.93717	-0.10008
1.93617	-0.100168
1.93517	-0.100256
1.93417	-0.100345
1.93316	-0.100433
1.93216	-0.100522
1.93115	-0.100611
1.93015	-0.1007
1.92914	-0.10079
1.92813	-0.10088
1.92712	-0.10097
1.92611	-0.10106
1.9251	-0.101151
1.92409	-0.101242
1.92308	-0.101333
1.92206	-0.101424
1.92105	-0.101516
1.92004	-0.101608
1.91902	-0.1017
1.918	-0.101793
1.91698	-0.101885
1.91597	-0.101978
1.91495	-0.102072
1.91392	-0.102165
1.9129	-0.102259
1.91188	-0.102353
1.91086	-0.102448
1.90983	-0.102542
1.90881	-0.102637
1.90778	-0.102733
1.90675	-0.102828
1.90573	-0.102924
1.9047	-0.10302
1.90367	-0.103116
1.90263	-0.103213
1.9016	-0.10331
1.90057	-0.103407
1.89954	-0.103505
1.8985	-0.103603
1.89746	-0.103701
1.89643	-0.103799
1.89539	-0.103898
1.89435	-0.103997
1.89331	-0.104096
1.89227	-0.104196
1.89123	-0.104296
1.89018	-0.104396
1.88914	-0.104497
1.8881	-0.104597
1.88705	-0.104699
1.886	-0.1048
1.88495	-0.104902
1.88391	-0.105004
1.88286	-0.105106
1.8818	-0.105209
1.88075	-0.105312
1.8797	-0.105416
1.87865	-0.105519
1.87759	-0.105624
1.87653	-0.105728
1.87548	-0.105833
1.87442	-0.105938
1.87336	-0.106043
1.8723	-0.106149
1.87124	-0.106255
1.87017	-0.106361
1.86911	-0.106468
1.86805	-0.106575
1.86698	-0.106683
1.86591	-0.10679
1.86485	-0.106898
1.86378	-0.107007
1.86271	-0.107116
1.86164	-0.107225
1.86056	-0.107334
1.85949	-0.107444
1.85842	-0.107555
1.85734	-0.107665
1.85626	-0.107776
1.85519	-0.107888
1.85411	-0.107999
1.85303	-0.108111
1.85195	-0.108224
1.85086	-0.108337
1.84978	-0.10845
1.8487	-0.108564
1.84761	-0.108677
1.84652	-0.108792
1.84543	-0.108907
1.84435	-0.109022
1.84326	-0.109137
1.84216	-0.109253
1.84107	-0.109369
1.83998	-0.109486
1.83888	-0.109603
1.83779	-0.109721
1.83669	-0.109839
1.83559	-0.109957
1.83449	-0.110076
1.83339	-0.110195
1.83229	-0.110314
1.83119	-0.110434
1.83008	-0.110555
1.82898	-0.110675
1.82787	-0.110797
1.82676	-0.110918
1.82565	-0.11104
1.82454	-0.111163
1.82343	-0.111286
1.82232	-0.111409
1.8212	-0.111533
1.82009	-0.111657
1.81897	-0.111782
1.81785	-0.111907
1.81673	-0.112032
1.81561	-0.112158
1.81449	-0.112285
1.81337	-0.112412
1.81225	-0.112539
1.81112	-0.112667
1.80999	-0.112795
1.80887	-0.112924
1.80774	-0.113053
1.80661	-0.113183
1.80547	-0.113313
1.80434	-0.113444
1.80321	-0.113575
1.80207	-0.113707
1.80093	-0.113839
1.7998	-0.113971
1.79866	-0.114105
1.79751	-0.114238
1.79637	-0.114372
1.79523	-0.114507
1.79408	-0.114642
1.79294	-0.114778
1.79179	-0.114914
1.79064	-0.11505
1.78949	-0.115188
1.78834	-0.115325
1.78718	-0.115463
1.78603	-0.115602
1.78487	-0.115741
1.78372	-0.115881
1.78256	-0.116022
1.7814	-0.116163
1.78024	-0.116304
1.77907	-0.116446
1.77791	-0.116588
1.77674	-0.116732
1.77557	-0.116875
1.77441	-0.117019
1.77324	-0.117164
1.77206	-0.11731
1.77089	-0.117455
1.76972	-0.117602
1.76854	-0.117749
1.76736	-0.117897
1.76618	-0.118045
1.765	-0.118194
1.76382	-0.118343
1.76264	-0.118493
1.76145	-0.118644
1.76027	-0.118795
1.75908	-0.118947
1.75789	-0.1191
1.7567	-0.119253
1.75551	-0.119407
1.75431	-0.119561
1.75312	-0.119716
1.75192	-0.119872
1.75072	-0.120028
1.74952	-0.120185
1.74832	-0.120343
1.74711	-0.120501
1.74591	-0.12066
1.7447	-0.120819
1.7435	-0.12098
1.74229	-0.121141
1.74107	-0.121302
1.73986	-0.121465
1.73865	-0.121628
1.73743	-0.121791
1.73621	-0.121956
1.73499	-0.122121
1.73377	-0.122287
1.73255	-0.122453
1.73132	-0.12262
1.7301	-0.122788
1.72887	-0.122957
1.72764	-0.123127
1.72641	-0.123297
1.72518	-0.123468
1.72394	-0.123639
1.7227	-0.123812
1.72147	-0.123985
1.72023	-0.124159
1.71899	-0.124334
1.71774	-0.124509
1.7165	-0.124686
1.71525	-0.124863
1.714	-0.125041
1.71275	-0.125219
1.7115	-0.125399
1.71024	-0.125579
1.70899	-0.125761
1.70773	-0.125943
1.70647	-0.126125
1.70521	-0.126309
1.70395	-0.126494
1.70268	-0.126679
1.70142	-0.126865
1.70015	-0.127052
1.69888	-0.12724
1.6976	-0.127429
1.69633	-0.127619
1.69505	-0.12781
1.69378	-0.128001
1.6925	-0.128194
1.69121	-0.128387
1.68993	-0.128581
1.68864	-0.128777
1.68736	-0.128973
1.68607	-0.12917
1.68478	-0.129368
1.68348	-0.129567
1.68219	-0.129767
1.68089	-0.129968
1.67959	-0.13017
1.67829	-0.130373
1.67698	-0.130577
1.67568	-0.130782
1.67437	-0.130988
1.67306	-0.131195
1.67175	-0.131403
1.67043	-0.131612
1.66912	-0.131822
1.6678	-0.132033
1.66648	-0.132246
1.66516	-0.132459
1.66383	-0.132673
1.6625	-0.132889
1.66118	-0.133106
1.65985	-0.133323
1.65851	-0.133542
1.65718	-0.133762
1.65584	-0.133983
1.6545	-0.134206
1.65316	-0.134429
1.65181	-0.134654
1.65047	-0.13488
1.64912	-0.135107
1.64777	-0.135335
1.64641	-0.135564
1.64506	-0.135795
1.6437	-0.136027
1.64234	-0.13626
1.64098	-0.136494
1.63961	-0.13673
1.63824	-0.136967
1.63687	-0.137205
1.6355	-0.137445
1.63413	-0.137686
1.63275	-0.137928
1.63137	-0.138172
1.62999	-0.138416
1.62861	-0.138663
1.62722	-0.13891
1.62583	-0.139159
1.62444	-0.13941
1.62304	-0.139662
1.62165	-0.139915
1.62025	-0.14017
1.61885	-0.140426
1.61744	-0.140683
1.61604	-0.140943
1.61463	-0.141203
1.61321	-0.141465
1.6118	-0.141729
1.61038	-0.141994
1.60896	-0.142261
1.60754	-0.142529
1.60611	-0.142799
1.60469	-0.143071
1.60326	-0.143344
1.60182	-0.143619
1.60039	-0.143895
1.59895	-0.144173
1.59751	-0.144453
1.59606	-0.144734
1.59461	-0.145017
1.59316	-0.145302
1.59171	-0.145589
1.59025	-0.145877
1.5888	-0.146168
1.58733	-0.14646
1.58587	-0.146753
1.5844	-0.147049
1.58293	-0.147347
1.58146	-0.147646
1.57998	-0.147947
1.5785	-0.148251
1.57702	-0.148556
1.57553	-0.148863
1.57405	-0.149172
1.57255	-0.149483
1.57106	-0.149796
1.56956	-0.150111
1.56806	-0.150429
1.56656	-0.150748
1.56505	-0.151069
1.56354	-0.151393
1.56202	-0.151719
1.56051	-0.152046
1.55899	-0.152377
1.55746	-0.152709
1.55594	-0.153043
1.5544	-0.15338
1.55287	-0.153719
1.55133	-0.154061
1.54979	-0.154405
1.54825	-0.154751
1.5467	-0.155099
1.54515	-0.15545
1.5436	-0.155804
1.54204	-0.15616
1.54048	-0.156518
1.53891	-0.156879
1.53734	-0.157243
1.53577	-0.157609
1.53419	-0.157978
1.53261	-0.15835
1.53103	-0.158724
1.52944	-0.159101
1.52785	-0.159481
1.52626	-0.159863
1.52466	-0.160248
1.52306	-0.160637
1.52145	-0.161028
1.51984	-0.161422
1.51823	-0.161819
1.51661	-0.162219
1.51499	-0.162622
1.51336	-0.163028
1.51173	-0.163437
1.51009	-0.16385
1.50846	-0.164265
1.50681	-0.164684
1.50517	-0.165106
1.50352	-0.165532
1.50186	-0.16596
1.5002	-0.166393
1.49854	-0.166828
1.49687	-0.167267
1.4952	-0.16771
1.49352	-0.168156
1.49184	-0.168606
1.49015	-0.16906
1.48846	-0.169517
1.48676	-0.169978
1.48507	-0.170443
1.48336	-0.170912
1.48165	-0.171385
1.47994	-0.171861
1.47822	-0.172342
1.4765	-0.172827
1.47477	-0.173316
1.47303	-0.173809
1.4713	-0.174306
1.46955	-0.174808
1.46781	-0.175314
1.46605	-0.175825
1.46429	-0.17634
1.46253	-0.17686
1.46076	-0.177384
1.45899	-0.177913
1.45721	-0.178447
1.45542	-0.178986
1.45363	-0.179529
1.45184	-0.180078
1.45004	-0.180631
1.44823	-0.18119
1.44642	-0.181754
1.4446	-0.182323
1.44278	-0.182898
1.44095	-0.183478
1.43912	-0.184064
1.43727	-0.184655
1.43543	-0.185252
1.43358	-0.185854
1.43172	-0.186463
1.42985	-0.187078
1.42798	-0.187698
1.4261	-0.188325
1.42422	-0.188958
1.42233	-0.189598
1.42044	-0.190243
1.41853	-0.190896
1.41662	-0.191555
1.41471	-0.192221
1.41279	-0.192894
1.41086	-0.193573
1.40892	-0.19426
1.40698	-0.194954
1.40503	-0.195656
1.40307	-0.196365
1.40111	-0.197081
1.39914	-0.197806
1.39716	-0.198538
1.39518	-0.199278
1.39318	-0.200027
1.39118	-0.200783
1.38917	-0.201548
1.38716	-0.202322
1.38514	-0.203104
1.38311	-0.203896
1.38107	-0.204696
1.37902	-0.205506
1.37696	-0.206325
1.3749	-0.207153
1.37283	-0.207991
1.37075	-0.20884
1.36866	-0.209698
1.36656	-0.210566
1.36446	-0.211445
1.36234	-0.212335
1.36022	-0.213236
1.35809	-0.214147
1.35595	-0.21507
1.3538	-0.216005
1.35164	-0.216951
1.34947	-0.21791
1.34729	-0.21888
1.3451	-0.219863
1.3429	-0.220859
1.34069	-0.221867
1.33847	-0.222889
1.33624	-0.223925
1.334	-0.224974
1.33175	-0.226037
1.32949	-0.227115
1.32722	-0.228207
1.32494	-0.229314
1.32265	-0.230437
1.32034	-0.231575
1.31803	-0.232729
1.3157	-0.2339
1.31336	-0.235087
1.31101	-0.236292
1.30865	-0.237513
1.30627	-0.238753
1.30389	-0.240011
1.30149	-0.241287
1.29907	-0.242582
1.29665	-0.243897
1.29421	-0.245232
1.29176	-0.246588
1.28929	-0.247964
1.28681	-0.249361
1.28432	-0.250781
1.28181	-0.252223
1.27929	-0.253688
1.27675	-0.255176
1.2742	-0.256689
1.27163	-0.258226
1.26905	-0.259789
1.26645	-0.261378
1.26384	-0.262993
1.26121	-0.264636
1.25856	-0.266307
1.2559	-0.268006
1.25322	-0.269735
1.25052	-0.271494
1.2478	-0.273285
1.24507	-0.275107
1.24232	-0.276962
1.23955	-0.278851
1.23676	-0.280775
1.23395	-0.282734
1.23113	-0.284729
1.22828	-0.286763
1.22541	-0.288835
1.22252	-0.290947
1.21961	-0.293099
1.21668	-0.295294
1.21373	-0.297533
1.21076	-0.299816
1.20776	-0.302145
1.20474	-0.304521
1.20169	-0.306947
1.19862	-0.309422
1.19553	-0.31195
1.19241	-0.314531
1.18926	-0.317168
1.18609	-0.319861
1.18289	-0.322613
1.17967	-0.325426
1.17641	-0.328302
1.17313	-0.331243
1.16982	-0.33425
1.16647	-0.337327
1.1631	-0.340476
1.1597	-0.343698
1.15626	-0.346998
1.15279	-0.350376
1.14928	-0.353837
1.14575	-0.357382
1.14217	-0.361016
1.13856	-0.364741
1.13492	-0.368561
1.13123	-0.372479
1.1275	-0.3765
1.12374	-0.380625
1.11993	-0.384861
1.11608	-0.389211
1.11219	-0.393679
1.10826	-0.398271
1.10427	-0.40299
1.10024	-0.407843
1.09616	-0.412835
1.09204	-0.417972
1.08786	-0.423258
1.08362	-0.428702
1.07934	-0.43431
1.07499	-0.440088
1.07059	-0.446044
1.06613	-0.452186
1.06161	-0.458522
1.05703	-0.465061
1.05238	-0.471813
1.04766	-0.478787
1.04287	-0.485993
1.03801	-0.493442
1.03307	-0.501146
1.02806	-0.509118
1.02297	-0.517371
1.0178	-0.525917
1.01254	-0.534773
1.00719	-0.543954
1.00175	-0.553476
0.996217	-0.563358
0.990584	-0.573618
0.984847	-0.584276
0.979005	-0.595355
0.973051	-0.606876
0.966982	-0.618866
0.960794	-0.631349
0.95448	-0.644354
0.948037	-0.657912
0.941458	-0.672054
0.934737	-0.686816
0.927869	-0.702234
0.920847	-0.718348
0.913663	-0.735202
0.906311	-0.752841
0.898783	-0.771316
0.891069	-0.790681
0.883163	-0.810993
0.875053	-0.832315
0.86673	-0.854716
0.858182	-0.878267
0.8494	-0.90305
0.840369	-0.929151
0.831078	-0.956662
0.821511	-0.985686
0.811654	-1.01633
0.801491	-1.04873
0.791004	-1.08299
0.780174	-1.11928
0.768981	-1.15774
0.757404	-1.19855
0.745418	-1.24189
0.732999	-1.28798
0.720119	-1.33702
0.706749	-1.38928
0.692856	-1.44502
0.678406	-1.50455
0.663361	-1.56818
0.647679	-1.63628
0.631316	-1.70925
0.614223	-1.78752
0.596348	-1.87158
0.577632	-1.96197
0.558013	-2.05926
0.53742	-2.1641
0.515779	-2.27721
0.493007	-2.39937
0.469013	-2.53143
0.443699	-2.67434
0.416956	-2.82913
0.388664	-2.9969
0.358695	-3.17888
0.326907	-3.37636
0.293143	-3.59072
0.257236	-3.8234
0.219002	-4.0759
0.178243	-4.34972
0.134745	-4.64631
0.0882824	-4.967
0.0386124	-5.31286
-0.0145162	-5.68459
-0.0713621	-6.08228
-0.132185	-6.50516
-0.197237	-6.95124
-0.266749	-7.41693
-0.340918	-7.8965
-0.419883	-8.38161
-0.503699	-8.86068
-0.592306	-9.31853
-0.685491	-9.73606
-0.782852	-10.0905
-0.883757	-10.3561
-0.987318	-10.506
-1.09238	-10.5147
-1.19752	-10.3615
-1.30114	-10.0347
-1.40149	-9.53491
-1.49684	-8.87737
-1.58561	-8.09152
-1.66652	-7.21804
-1.7387	-6.30337
-1.80174	-5.39332
-1.85567	-4.52727
-1.90094	-3.73434
-1.93829	-3.03213
-1.96861	-2.42758
-1.99288	-1.91928
-2.01208	-1.50012
-2.02708	-1.15988
-2.03868	-0.887183
-2.04755	-0.670787
-2.05426	-0.500409
-2.05926	-0.367075
-2.06293	-0.263216
-2.06556	-0.1826
-2.06739	-0.120191
-2.06859	-0.0719711
-2.06931	-0.0347653
-2.06966	-0.0060851
-2.06972	0.0160101
-2.06956	0.0330272
-2.06923	0.0461326
-2.06877	0.0562274
-2.06821	0.064006
-2.06757	0.0700036
-2.06687	0.0746318
-2.06612	0.0782071
-2.06534	0.080973
-2.06453	0.0831165
-2.0637	0.0847813
-2.06285	0.0860781
-2.06199	0.0870916
-2.06112	0.0878872
-2.06024	0.0885151
-2.05935	0.0890138
-2.05846	0.0894132
-2.05757	0.089736
-2.05667	0.0899998
-2.05577	0.0902182
-2.05487	0.0904016
-2.05397	0.0905581
-2.05306	0.0906937
-2.05215	0.0908133
-2.05124	0.0909206
-2.05034	0.0910185
-2.04943	0.091109
-2.04851	0.0911939
-2.0476	0.0912745
-2.04669	0.0913519
-2.04578	0.0914267
-2.04486	0.0914996
-2.04395	0.091571
-2.04303	0.0916414
-2.04211	0.091711
-2.0412	0.09178
-2.04028	0.0918485
-2.03936	0.0919168
-2.03844	0.0919849
-2.03752	0.0920529
-2.0366	0.0921208
-2.03568	0.0921887
-2.03476	0.0922567
-2.03384	0.0923247
-2.03291	0.0923928
-2.03199	0.0924609
-2.03106	0.0925293
-2.03014	0.0925977
-2.02921	0.0926662
-2.02829	0.092735
-2.02736	0.0928038
-2.02643	0.0928728
-2.0255	0.092942
-2.02457	0.0930113
-2.02364	0.0930808
-2.02271	0.0931504
-2.02178	0.0932202
-2.02085	0.0932902
-2.01992	0.0933603
-2.01898	0.0934306
-2.01805	0.0935011
-2.01711	0.0935717
-2.01618	0.0936425
-2.01524	0.0937135
-2.0143	0.0937846
-2.01337	0.0938559
-2.01243	0.0939274
-2.01149	0.0939991
-2.01055	0.094071
-2.00961	0.094143
-2.00867	0.0942152
-2.00772	0.0942876
-2.00678	0.0943601
-2.00584	0.0944329
-2.00489	0.0945058
-2.00395	0.0945789
-2.003	0.0946521
-2.00205	0.0947256
-2.00111	0.0947992
-2.00016	0.0948731
-1.99921	0.0949471
-1.99826	0.0950213
-1.99731	0.0950957
-1.99636	0.0951702
-1.99541	0.095245
-1.99446	0.0953199
-1.9935	0.0953951
-1.99255	0.0954704
-1.99159	0.0955459
-1.99064	0.0956216
-1.98968	0.0956975
-1.98873	0.0957736
-1.98777	0.0958499
-1.98681	0.0959264
-1.98585	0.0960031
-1.98489	0.0960799
-1.98393	0.096157
-1.98297	0.0962343
-1.98201	0.0963117
-1.98104	0.0963894
-1.98008	0.0964673
-1.97911	0.0965454
-1.97815	0.0966236
-1.97718	0.0967021
-1.97621	0.0967808
-1.97525	0.0968597
-1.97428	0.0969388
-1.97331	0.0970181
-1.97234	0.0970976
-1.97137	0.0971773
-1.9704	0.0972573
-1.96942	0.0973374
-1.96845	0.0974178
-1.96748	0.0974983
-1.9665	0.0975791
-1.96553	0.0976601
-1.96455	0.0977413
-1.96357	0.0978227
-1.96259	0.0979044
-1.96161	0.0979862
-1.96063	0.0980683
-1.95965	0.0981506
-1.95867	0.0982332
-1.95769	0.0983159
-1.95671	0.0983989
-1.95572	0.0984821
-1.95474	0.0985655
-1.95375	0.0986492
-1.95277	0.098733
-1.95178	0.0988171
-1.95079	0.0989015
-1.9498	0.098986
-1.94881	0.0990708
-1.94782	0.0991559
-1.94683	0.0992411
-1.94584	0.0993266
-1.94484	0.0994124
-1.94385	0.0994984
-1.94285	0.0995846
-1.94186	0.099671
-1.94086	0.0997577
-1.93986	0.0998447
-1.93887	0.0999318
-1.93787	0.100019
-1.93687	0.100107
-1.93586	0.100195
-1.93486	0.100283
-1.93386	0.100371
-1.93286	0.10046
-1.93185	0.100549
-1.93085	0.100638
-1.92984	0.100728
-1.92883	0.100817
-1.92782	0.100907
-1.92682	0.100997
-1.92581	0.101088
-1.92479	0.101179
-1.92378	0.101269
-1.92277	0.101361
-1.92176	0.101452
-1.92074	0.101544
-1.91973	0.101636
-1.91871	0.101728
-1.91769	0.101821
-1.91667	0.101914
-1.91566	0.102007
-1.91464	0.1021
-1.91361	0.102194
-1.91259	0.102288
-1.91157	0.102382
-1.91055	0.102476
-1.90952	0.102571
-1.9085	0.102666
-1.90747	0.102762
-1.90644	0.102857
-1.90541	0.102953
-1.90438	0.103049
-1.90335	0.103146
-1.90232	0.103242
-1.90129	0.103339
-1.90026	0.103437
-1.89922	0.103534
-1.89819	0.103632
-1.89715	0.103731
-1.89611	0.103829
-1.89507	0.103928
-1.89403	0.104027
-1.89299	0.104126
-1.89195	0.104226
-1.89091	0.104326
-1.88987	0.104427
-1.88882	0.104527
-1.88778	0.104628
-1.88673	0.104729
-1.88568	0.104831
-1.88464	0.104933
-1.88359	0.105035
-1.88254	0.105138
-1.88148	0.105241
-1.88043	0.105344
-1.87938	0.105447
