1.01	0.99
1.0199	0.978308
1.02968	0.964963
1.03933	0.950015
1.04883	0.933526
1.05817	0.915566
1.06732	0.896215
1.07629	0.875563
1.08504	0.853706
1.09358	0.830745
1.10189	0.806789
1.10995	0.781948
1.11777	0.756336
1.12534	0.730066
1.13264	0.703255
1.13967	0.676014
1.14643	0.648456
1.15291	0.620686
1.15912	0.59281
1.16505	0.564926
1.1707	0.537125
1.17607	0.509496
1.18117	0.482119
1.18599	0.455067
1.19054	0.428406
1.19482	0.402196
1.19884	0.376489
1.20261	0.351332
1.20612	0.326763
1.20939	0.302815
1.21242	0.279514
1.21521	0.256881
1.21778	0.234931
1.22013	0.213676
1.22227	0.193121
1.2242	0.173267
1.22593	0.154113
1.22747	0.135653
1.22883	0.11788
1.23001	0.100782
1.23102	0.0843462
1.23186	0.0685583
1.23254	0.0534015
1.23308	0.0388581
1.23347	0.0249093
1.23372	0.0115356
1.23383	-0.00128337
1.23382	-0.0135681
1.23368	-0.0253393
1.23343	-0.036618
1.23306	-0.047425
1.23259	-0.0577811
1.23201	-0.0677067
1.23133	-0.0772218
1.23056	-0.0863463
1.2297	-0.0950994
1.22875	-0.1035
1.22771	-0.111566
1.2266	-0.119316
1.2254	-0.126766
1.22414	-0.133933
1.2228	-0.140833
1.22139	-0.147481
1.21991	-0.153893
1.21837	-0.160081
1.21677	-0.166061
1.21511	-0.171845
1.21339	-0.177445
1.21162	-0.182874
1.20979	-0.188143
1.20791	-0.193264
1.20598	-0.198245
1.20399	-0.203099
1.20196	-0.207834
1.19989	-0.212459
1.19776	-0.216984
1.19559	-0.221417
1.19338	-0.225766
1.19112	-0.230039
1.18882	-0.234244
1.18648	-0.238387
1.18409	-0.242476
1.18167	-0.246518
1.1792	-0.250518
1.1767	-0.254483
1.17415	-0.25842
1.17157	-0.262334
1.16895	-0.26623
1.16628	-0.270115
1.16358	-0.273994
1.16084	-0.277872
1.15806	-0.281755
1.15525	-0.285647
1.15239	-0.289553
1.14949	-0.293479
1.14656	-0.29743
1.14358	-0.30141
1.14057	-0.305424
1.13752	-0.309477
1.13442	-0.313575
1.13129	-0.317722
1.12811	-0.321923
1.12489	-0.326182
1.12163	-0.330506
1.11832	-0.3349
1.11497	-0.339368
1.11158	-0.343916
1.10814	-0.348549
1.10465	-0.353274
1.10112	-0.358095
1.09754	-0.36302
1.09391	-0.368053
1.09023	-0.373202
1.0865	-0.378474
1.08271	-0.383874
1.07887	-0.389411
1.07498	-0.395092
1.07103	-0.400924
1.06702	-0.406916
1.06295	-0.413076
1.05882	-0.419414
1.05463	-0.425939
1.05037	-0.432661
1.04604	-0.43959
1.04164	-0.446738
1.03718	-0.454116
1.03264	-0.461736
1.02802	-0.469612
1.02332	-0.477757
1.01855	-0.486187
1.01368	-0.494916
1.00873	-0.503962
1.00369	-0.513342
0.998561	-0.523075
0.99333	-0.533181
0.987998	-0.543681
0.982562	-0.554599
0.977016	-0.565959
0.971356	-0.577786
0.965578	-0.59011
0.959677	-0.60296
0.953648	-0.616368
0.947484	-0.63037
0.94118	-0.645002
0.93473	-0.660306
0.928127	-0.676324
0.921364	-0.693103
0.914433	-0.710694
0.907326	-0.729152
0.900034	-0.748537
0.892549	-0.768911
0.88486	-0.790345
0.876956	-0.812916
0.868827	-0.836705
0.86046	-0.861802
0.851842	-0.888305
0.842959	-0.916321
0.833796	-0.945967
0.824336	-0.97737
0.814563	-1.01067
0.804456	-1.04602
0.793996	-1.08359
0.78316	-1.12357
0.771924	-1.16616
0.760262	-1.21158
0.748147	-1.26009
0.735546	-1.31195
0.722426	-1.36748
0.708751	-1.42701
0.694481	-1.49091
0.679572	-1.5596
0.663976	-1.63354
0.647641	-1.71325
0.630508	-1.7993
0.612515	-1.89233
0.593592	-1.99304
0.573662	-2.10224
0.552639	-2.22081
0.530431	-2.34974
0.506934	-2.49013
0.482033	-2.64322
0.4556	-2.81037
0.427497	-2.99308
0.397566	-3.19304
0.365635	-3.41209
0.331515	-3.65222
0.294992	-3.9156
0.255836	-4.20454
0.213791	-4.52145
0.168576	-4.86877
0.119889	-5.24888
0.0674	-5.66396
0.0107604	-6.11569
-0.0503965	-6.605
-0.116447	-7.13155
-0.187762	-7.69317
-0.264694	-8.28505
-0.347544	-8.89877
-0.436532	-9.52121
-0.531744	-10.1334
-0.633078	-10.7095
-0.740173	-11.2166
-0.852339	-11.6149
-0.968488	-11.8605
-1.08709	-11.9097
-1.20619	-11.7256
-1.32345	-11.2869
-1.43632	-10.5951
-1.54227	-9.67968
-1.63906	-8.59672
-1.72503	-7.42044
-1.79923	-6.23033
-1.86154	-5.09724
-1.91251	-4.07331
-1.95324	-3.18814
-1.98512	-2.4506
-2.00963	-1.85422
-2.02817	-1.38339
-2.04201	-1.01853
-2.05219	-0.73983
-2.05959	-0.529231
-2.06488	-0.371378
-2.0686	-0.253762
-2.07113	-0.166508
-2.0728	-0.101977
-2.07382	-0.0543556
-2.07436	-0.0192644
-2.07455	0.00656964
-2.07449	0.0255788
-2.07423	0.0395637
-2.07384	0.0498535
-2.07334	0.0574274
-2.07277	0.0630057
-2.07213	0.0671182
-2.07146	0.070154
-2.07076	0.0723987
-2.07004	0.0740622
-2.0693	0.0752987
-2.06854	0.0762213
-2.06778	0.0769131
-2.06701	0.0774353
-2.06624	0.0778326
-2.06546	0.078138
-2.06468	0.0783759
-2.0639	0.0785641
-2.06311	0.0787156
-2.06232	0.0788402
-2.06153	0.078945
-2.06074	0.0790351
-2.05995	0.0791145
-2.05916	0.079186
-2.05837	0.0792516
-2.05758	0.079313
-2.05679	0.0793713
-2.05599	0.0794273
-2.0552	0.0794816
-2.0544	0.0795347
-2.05361	0.079587
-2.05281	0.0796386
-2.05202	0.0796898
-2.05122	0.0797407
-2.05042	0.0797915
-2.04962	0.0798421
-2.04882	0.0798926
-2.04803	0.0799432
-2.04723	0.0799937
-2.04643	0.0800443
-2.04563	0.080095
-2.04483	0.0801457
-2.04402	0.0801965
-2.04322	0.0802474
-2.04242	0.0802983
-2.04162	0.0803494
-2.04081	0.0804005
-2.04001	0.0804518
-2.0392	0.0805031
-2.0384	0.0805546
-2.03759	0.0806061
-2.03679	0.0806578
-2.03598	0.0807096
-2.03517	0.0807614
-2.03437	0.0808134
-2.03356	0.0808655
-2.03275	0.0809177
-2.03194	0.08097
-2.03113	0.0810224
-2.03032	0.0810749
-2.02951	0.0811276
-2.0287	0.0811803
-2.02789	0.0812331
-2.02707	0.0812861
-2.02626	0.0813392
-2.02545	0.0813923
-2.02463	0.0814456
-2.02382	0.081499
-2.023	0.0815526
-2.02219	0.0816062
-2.02137	0.0816599
-2.02056	0.0817138
-2.01974	0.0817678
-2.01892	0.0818219
-2.0181	0.0818761
-2.01728	0.0819304
-2.01647	0.0819848
-2.01565	0.0820394
-2.01483	0.082094
-2.014	0.0821488
-2.01318	0.0822037
-2.01236	0.0822587
-2.01154	0.0823139
-2.01071	0.0823691
-2.00989	0.0824245
-2.00907	0.08248
-2.00824	0.0825356
-2.00742	0.0825914
-2.00659	0.0826472
-2.00576	0.0827032
-2.00494	0.0827593
-2.00411	0.0828155
-2.00328	0.0828719
-2.00245	0.0829283
-2.00162	0.0829849
-2.00079	0.0830417
-1.99996	0.0830985
-1.99913	0.0831555
-1.9983	0.0832126
-1.99747	0.0832698
-1.99664	0.0833271
-1.9958	0.0833846
-1.99497	0.0834422
-1.99413	0.0834999
-1.9933	0.0835578
-1.99246	0.0836158
-1.99163	0.0836739
-1.99079	0.0837321
-1.98995	0.0837905
-1.98912	0.083849
-1.98828	0.0839077
-1.98744	0.0839664
-1.9866	0.0840253
-1.98576	0.0840844
-1.98492	0.0841435
-1.98408	0.0842029
-1.98323	0.0842623
-1.98239	0.0843219
-1.98155	0.0843816
-1.9807	0.0844414
-1.97986	0.0845014
-1.97901	0.0845615
-1.97817	0.0846218
-1.97732	0.0846822
-1.97648	0.0847427
-1.97563	0.0848034
-1.97478	0.0848642
-1.97393	0.0849251
-1.97308	0.0849862
-1.97223	0.0850475
-1.97138	0.0851088
-1.97053	0.0851704
-1.96968	0.085232
-1.96883	0.0852938
-1.96797	0.0853558
-1.96712	0.0854179
-1.96627	0.0854801
-1.96541	0.0855425
-1.96456	0.085605
-1.9637	0.0856677
-1.96284	0.0857305
-1.96199	0.0857935
-1.96113	0.0858566
-1.96027	0.0859199
-1.95941	0.0859833
-1.95855	0.0860469
-1.95769	0.0861106
-1.95683	0.0861745
-1.95597	0.0862385
-1.95511	0.0863027
-1.95424	0.0863671
-1.95338	0.0864315
-1.95251	0.0864962
-1.95165	0.086561
-1.95078	0.086626
-1.94992	0.0866911
-1.94905	0.0867563
-1.94818	0.0868218
-1.94731	0.0868874
-1.94645	0.0869531
-1.94558	0.087019
-1.94471	0.0870851
-1.94384	0.0871513
-1.94296	0.0872177
-1.94209	0.0872843
-1.94122	0.087351
-1.94035	0.0874178
-1.93947	0.0874849
-1.9386	0.0875521
-1.93772	0.0876195
-1.93684	0.087687
-1.93597	0.0877547
-1.93509	0.0878226
-1.93421	0.0878907
-1.93333	0.0879589
-1.93245	0.0880273
-1.93157	0.0880958
-1.93069	0.0881646
-1.92981	0.0882335
-1.92893	0.0883026
-1.92805	0.0883718
-1.92716	0.0884412
-1.92628	0.0885108
-1.92539	0.0885806
-1.92451	0.0886506
-1.92362	0.0887207
-1.92273	0.088791
-1.92184	0.0888615
-1.92096	0.0889322
-1.92007	0.089003
-1.91918	0.089074
-1.91829	0.0891453
-1.91739	0.0892167
-1.9165	0.0892882
-1.91561	0.08936
-1.91472	0.0894319
-1.91382	0.0895041
-1.91293	0.0895764
-1.91203	0.0896489
-1.91113	0.0897216
-1.91024	0.0897945
-1.90934	0.0898676
-1.90844	0.0899409
-1.90754	0.0900143
-1.90664	0.090088
-1.90574	0.0901618
-1.90484	0.0902359
-1.90394	0.0903101
-1.90303	0.0903846
-1.90213	0.0904592
-1.90122	0.090534
-1.90032	0.0906091
-1.89941	0.0906843
-1.89851	0.0907597
-1.8976	0.0908354
-1.89669	0.0909112
-1.89578	0.0909872
-1.89487	0.0910635
-1.89396	0.0911399
-1.89305	0.0912166
-1.89214	0.0912935
-1.89122	0.0913705
-1.89031	0.0914478
-1.8894	0.0915253
-1.88848	0.091603
-1.88756	0.0916809
-1.88665	0.091759
-1.88573	0.0918374
-1.88481	0.0919159
-1.88389	0.0919947
-1.88297	0.0920737
-1.88205	0.0921529
-1.88113	0.0922323
-1.88021	0.092312
-1.87928	0.0923918
-1.87836	0.0924719
-1.87744	0.0925522
-1.87651	0.0926328
-1.87558	0.0927135
-1.87466	0.0927945
-1.87373	0.0928757
-1.8728	0.0929572
-1.87187	0.0930389
-1.87094	0.0931208
-1.87001	0.0932029
-1.86908	0.0932853
-1.86814	0.0933679
-1.86721	0.0934507
-1.86628	0.0935338
-1.86534	0.0936171
-1.8644	0.0937006
-1.86347	0.0937844
-1.86253	0.0938684
-1.86159	0.0939527
-1.86065	0.0940372
-1.85971	0.094122
-1.85877	0.094207
-1.85783	0.0942922
-1.85689	0.0943777
-1.85594	0.0944635
-1.855	0.0945495
-1.85405	0.0946357
-1.8531	0.0947222
-1.85216	0.094809
-1.85121	0.094896
-1.85026	0.0949833
-1.84931	0.0950708
-1.84836	0.0951586
-1.84741	0.0952466
-1.84646	0.0953349
-1.8455	0.0954235
-1.84455	0.0955123
-1.84359	0.0956014
-1.84264	0.0956908
-1.84168	0.0957804
-1.84072	0.0958703
-1.83976	0.0959605
-1.8388	0.0960509
-1.83784	0.0961416
-1.83688	0.0962326
-1.83592	0.0963239
-1.83496	0.0964154
-1.83399	0.0965073
-1.83303	0.0965994
-1.83206	0.0966918
-1.83109	0.0967844
-1.83013	0.0968774
-1.82916	0.0969706
-1.82819	0.0970642
-1.82722	0.097158
-1.82625	0.0972521
-1.82527	0.0973465
-1.8243	0.0974412
-1.82333	0.0975362
-1.82235	0.0976315
-1.82137	0.0977271
-1.8204	0.097823
-1.81942	0.0979192
-1.81844	0.0980157
-1.81746	0.0981125
-1.81648	0.0982096
-1.8155	0.098307
-1.81451	0.0984047
-1.81353	0.0985028
-1.81254	0.0986011
-1.81156	0.0986998
-1.81057	0.0987988
-1.80958	0.0988981
-1.80859	0.0989977
-1.8076	0.0990976
-1.80661	0.0991979
-1.80562	0.0992985
-1.80463	0.0993994
-1.80363	0.0995007
-1.80264	0.0996023
-1.80164	0.0997042
-1.80065	0.0998064
-1.79965	0.099909
-1.79865	0.100012
-1.79765	0.100115
-1.79665	0.100219
-1.79565	0.100323
-1.79464	0.100427
-1.79364	0.100532
-1.79263	0.100637
-1.79163	0.100742
-1.79062	0.100848
-1.78961	0.100954
-1.7886	0.10106
-1.78759	0.101167
-1.78658	0.101274
-1.78557	0.101382
-1.78455	0.101489
-1.78354	0.101598
-1.78252	0.101706
-1.7815	0.101815
-1.78049	0.101924
-1.77947	0.102034
-1.77845	0.102144
-1.77742	0.102255
-1.7764	0.102366
-1.77538	0.102477
-1.77435	0.102588
-1.77333	0.1027
-1.7723	0.102813
-1.77127	0.102926
-1.77024	0.103039
-1.76921	0.103152
-1.76818	0.103266
-1.76715	0.103381
-1.76612	0.103496
-1.76508	0.103611
-1.76404	0.103727
-1.76301	0.103843
-1.76197	0.103959
-1.76093	0.104076
-1.75989	0.104193
-1.75885	0.104311
-1.7578	0.104429
-1.75676	0.104548
-1.75571	0.104667
-1.75467	0.104786
-1.75362	0.104906
-1.75257	0.105026
-1.75152	0.105147
-1.75047	0.105268
-1.74942	0.10539
-1.74836	0.105512
-1.74731	0.105634
-1.74625	0.105757
-1.74519	0.105881
-1.74413	0.106005
-1.74307	0.106129
-1.74201	0.106254
-1.74095	0.106379
-1.73989	0.106505
-1.73882	0.106631
-1.73775	0.106758
-1.73669	0.106885
-1.73562	0.107013
-1.73455	0.107141
-1.73348	0.10727
-1.7324	0.107399
-1.73133	0.107529
-1.73025	0.107659
-1.72918	0.10779
-1.7281	0.107921
-1.72702	0.108053
-1.72594	0.108185
-1.72486	0.108317
-1.72378	0.108451
-1.72269	0.108584
-1.7216	0.108719
-1.72052	0.108854
-1.71943	0.108989
-1.71834	0.109125
-1.71725	0.109261
-1.71616	0.109398
-1.71506	0.109536
-1.71397	0.109674
-1.71287	0.109813
-1.71177	0.109952
-1.71067	0.110091
-1.70957	0.110232
-1.70847	0.110373
-1.70736	0.110514
-1.70626	0.110656
-1.70515	0.110799
-1.70404	0.110942
-1.70294	0.111086
-1.70182	0.11123
-1.70071	0.111375
-1.6996	0.111521
-1.69848	0.111667
-1.69737	0.111814
-1.69625	0.111961
-1.69513	0.112109
-1.69401	0.112258
-1.69289	0.112407
-1.69176	0.112557
-1.69064	0.112708
-1.68951	0.112859
-1.68838	0.113011
-1.68725	0.113163
-1.68612	0.113317
-1.68499	0.11347
-1.68385	0.113625
-1.68271	0.11378
-1.68158	0.113936
-1.68044	0.114092
-1.6793	0.11425
-1.67815	0.114408
-1.67701	0.114566
-1.67586	0.114725
-1.67472	0.114885
-1.67357	0.115046
-1.67242	0.115208
-1.67127	0.11537
-1.67011	0.115532
-1.66896	0.115696
-1.6678	0.11586
-1.66664	0.116025
-1.66548	0.116191
-1.66432	0.116358
-1.66315	0.116525
-1.66199	0.116693
-1.66082	0.116862
-1.65965	0.117032
-1.65848	0.117202
-1.65731	0.117373
-1.65614	0.117545
-1.65496	0.117718
-1.65379	0.117892
-1.65261	0.118066
-1.65143	0.118241
-1.65024	0.118418
-1.64906	0.118594
-1.64787	0.118772
-1.64669	0.118951
-1.6455	0.11913
-1.6443	0.11931
-1.64311	0.119492
-1.64192	0.119674
-1.64072	0.119857
-1.63952	0.12004
-1.63832	0.120225
-1.63712	0.120411
-1.63591	0.120597
-1.63471	0.120784
-1.6335	0.120973
-1.63229	0.121162
-1.63108	0.121352
-1.62987	0.121543
-1.62865	0.121735
-1.62743	0.121929
-1.62621	0.122123
-1.62499	0.122318
-1.62377	0.122514
-1.62254	0.122711
-1.62132	0.122908
-1.62009	0.123107
-1.61886	0.123307
-1.61762	0.123509
-1.61639	0.123711
-1.61515	0.123914
-1.61391	0.124118
-1.61267	0.124323
-1.61143	0.124529
-1.61018	0.124737
-1.60894	0.124945
-1.60769	0.125155
-1.60643	0.125366
-1.60518	0.125577
-1.60393	0.12579
-1.60267	0.126004
-1.60141	0.12622
-1.60014	0.126436
-1.59888	0.126653
-1.59761	0.126872
-1.59635	0.127092
-1.59507	0.127313
-1.5938	0.127536
-1.59253	0.127759
-1.59125	0.127984
-1.58997	0.12821
-1.58869	0.128437
-1.5874	0.128666
-1.58612	0.128896
-1.58483	0.129127
-1.58354	0.129359
-1.58224	0.129593
-1.58095	0.129828
-1.57965	0.130065
-1.57835	0.130302
-1.57704	0.130541
-1.57574	0.130782
-1.57443	0.131024
-1.57312	0.131267
-1.57181	0.131512
-1.57049	0.131758
-1.56917	0.132006
-1.56785	0.132255
-1.56653	0.132505
-1.56521	0.132757
-1.56388	0.133011
-1.56255	0.133266
-1.56122	0.133523
-1.55988	0.133781
-1.55854	0.134041
-1.5572	0.134302
-1.55586	0.134565
-1.55451	0.134829
-1.55317	0.135095
-1.55182	0.135363
-1.55046	0.135633
-1.54911	0.135904
-1.54775	0.136176
-1.54638	0.136451
-1.54502	0.136727
-1.54365	0.137005
-1.54228	0.137285
-1.54091	0.137567
-1.53953	0.13785
-1.53816	0.138135
-1.53677	0.138422
-1.53539	0.138711
-1.534	0.139002
-1.53261	0.139294
-1.53122	0.139589
-1.52982	0.139885
-1.52843	0.140184
-1.52702	0.140484
-1.52562	0.140787
-1.52421	0.141091
-1.5228	0.141398
-1.52139	0.141706
-1.51997	0.142017
-1.51855	0.14233
-1.51713	0.142645
-1.5157	0.142962
-1.51427	0.143281
-1.51284	0.143603
-1.5114	0.143927
-1.50996	0.144253
-1.50852	0.144581
-1.50707	0.144912
-1.50562	0.145245
-1.50417	0.14558
-1.50272	0.145918
-1.50126	0.146258
-1.49979	0.146601
-1.49833	0.146946
-1.49686	0.147293
-1.49539	0.147644
-1.49391	0.147996
-1.49243	0.148352
-1.49095	0.14871
-1.48946	0.14907
-1.48797	0.149434
-1.48647	0.1498
-1.48498	0.150169
-1.48347	0.15054
-1.48197	0.150915
-1.48046	0.151292
-1.47895	0.151673
-1.47743	0.152056
-1.47591	0.152442
-1.47438	0.152831
-1.47286	0.153223
-1.47132	0.153619
-1.46979	0.154017
-1.46825	0.154419
-1.4667	0.154824
-1.46516	0.155232
-1.4636	0.155643
-1.46205	0.156058
-1.46049	0.156476
-1.45892	0.156898
-1.45735	0.157323
-1.45578	0.157752
-1.4542	0.158184
-1.45262	0.15862
-1.45103	0.159059
-1.44944	0.159502
-1.44785	0.159949
-1.44625	0.1604
-1.44464	0.160855
-1.44304	0.161313
-1.44142	0.161776
-1.4398	0.162242
-1.43818	0.162713
-1.43656	0.163188
-1.43492	0.163667
-1.43329	0.16415
-1.43165	0.164638
-1.43	0.16513
-1.42835	0.165626
-1.42669	0.166127
-1.42503	0.166633
-1.42336	0.167143
-1.42169	0.167658
-1.42002	0.168178
-1.41833	0.168703
-1.41665	0.169232
-1.41495	0.169767
-1.41326	0.170307
-1.41155	0.170852
-1.40985	0.171402
-1.40813	0.171957
-1.40641	0.172518
-1.40469	0.173084
-1.40296	0.173656
-1.40122	0.174234
-1.39948	0.174817
-1.39773	0.175407
-1.39597	0.176002
-1.39421	0.176603
-1.39245	0.177211
-1.39068	0.177824
-1.3889	0.178444
-1.38711	0.179071
-1.38532	0.179704
-1.38353	0.180343
-1.38172	0.18099
-1.37991	0.181643
-1.3781	0.182304
-1.37627	0.182971
-1.37444	0.183646
-1.37261	0.184328
-1.37076	0.185018
-1.36891	0.185715
-1.36706	0.18642
-1.36519	0.187133
-1.36332	0.187854
-1.36144	0.188583
-1.35956	0.189321
-1.35766	0.190067
-1.35576	0.190822
-1.35385	0.191585
-1.35194	0.192358
-1.35001	0.193139
-1.34808	0.19393
-1.34614	0.194731
-1.3442	0.195541
-1.34224	0.196361
-1.34028	0.197191
-1.33831	0.198031
-1.33633	0.198882
-1.33434	0.199743
-1.33234	0.200615
-1.33033	0.201498
-1.32832	0.202393
-1.32629	0.203299
-1.32426	0.204217
-1.32222	0.205146
-1.32017	0.206088
-1.31811	0.207043
-1.31604	0.20801
-1.31396	0.20899
-1.31187	0.209983
-1.30977	0.21099
-1.30766	0.212011
-1.30554	0.213046
-1.30341	0.214095
-1.30127	0.215159
-1.29911	0.216239
-1.29695	0.217333
-1.29478	0.218444
-1.29259	0.21957
-1.2904	0.220713
-1.28819	0.221873
-1.28597	0.22305
-1.28374	0.224245
-1.2815	0.225457
-1.27924	0.226688
-1.27698	0.227939
-1.2747	0.229208
-1.27241	0.230497
-1.2701	0.231807
-1.26778	0.233137
-1.26545	0.234489
-1.26311	0.235862
-1.26075	0.237258
-1.25838	0.238676
-1.25599	0.240119
-1.25359	0.241585
-1.25117	0.243076
-1.24874	0.244592
-1.2463	0.246134
-1.24383	0.247703
-1.24136	0.2493
-1.23886	0.250924
-1.23635	0.252578
-1.23383	0.254261
-1.23129	0.255975
-1.22873	0.257719
-1.22615	0.259496
-1.22355	0.261307
-1.22094	0.263151
-1.21831	0.26503
-1.21566	0.266945
-1.21299	0.268898
-1.2103	0.270888
-1.20759	0.272918
-1.20486	0.274988
-1.20211	0.2771
-1.19934	0.279254
-1.19655	0.281453
-1.19373	0.283698
-1.1909	0.285989
-1.18804	0.288329
-1.18515	0.29072
-1.18225	0.293161
-1.17932	0.295656
-1.17636	0.298206
-1.17338	0.300813
-1.17037	0.303479
-1.16733	0.306206
-1.16427	0.308995
-1.16118	0.311849
-1.15806	0.31477
-1.15492	0.317761
-1.15174	0.320824
-1.14853	0.323961
-1.14529	0.327176
-1.14202	0.330471
-1.13871	0.333848
-1.13538	0.337312
-1.132	0.340865
-1.12859	0.344511
-1.12515	0.348253
-1.12167	0.352094
-1.11815	0.35604
-1.11458	0.360094
-1.11098	0.364259
-1.10734	0.368542
-1.10366	0.372946
-1.09993	0.377477
-1.09615	0.382139
-1.09233	0.386939
-1.08846	0.391883
-1.08454	0.396975
-1.08057	0.402224
-1.07655	0.407635
-1.07247	0.413217
-1.06834	0.418977
-1.06415	0.424922
-1.0599	0.431062
-1.05559	0.437406
-1.05122	0.443963
-1.04678	0.450744
-1.04227	0.457759
-1.03769	0.465021
-1.03304	0.47254
-1.02832	0.480331
-1.02351	0.488407
-1.01863	0.496783
-1.01366	0.505475
-1.00861	0.514499
-1.00346	0.523873
-0.998224	0.533617
-0.992888	0.543751
-0.98745	0.554296
-0.981907	0.565277
-0.976255	0.576717
-0.970487	0.588645
-0.964601	0.601089
-0.95859	0.614079
-0.952449	0.627649
-0.946173	0.641835
-0.939754	0.656676
-0.933188	0.672213
-0.926466	0.68849
-0.919581	0.705558
-0.912525	0.723467
-0.90529	0.742275
-0.897868	0.762043
-0.890247	0.782839
-0.882419	0.804734
-0.874372	0.827807
-0.866093	0.852145
-0.857572	0.877841
-0.848794	0.904997
-0.839744	0.933724
-0.830406	0.964145
-0.820765	0.996393
-0.810801	1.03061
-0.800495	1.06697
-0.789825	1.10563
-0.778769	1.14681
-0.767301	1.1907
-0.755394	1.23754
-0.743018	1.28761
-0.730142	1.34118
-0.71673	1.39857
-0.702745	1.46015
-0.688143	1.5263
-0.67288	1.59747
-0.656906	1.67413
-0.640164	1.75684
-0.622596	1.84619
-0.604134	1.94286
-0.584705	2.0476
-0.564229	2.16125
-0.542617	2.28475
-0.519769	2.41914
-0.495578	2.56559
-0.469922	2.72538
-0.442668	2.89996
-0.413669	3.09093
-0.382759	3.30002
-0.349759	3.52917
-0.314467	3.78047
-0.276663	4.05614
-0.236101	4.35856
-0.192516	4.69017
-0.145614	5.0534
-0.0950799	5.45056
-0.0405742	5.88361
0.0182619	6.35393
0.0818013	6.8619
0.15042	7.40636
0.224484	7.98396
0.304323	8.58824
0.390206	9.20863
0.482292	9.82925
0.580585	10.4279
0.684863	10.9751
0.794614	11.4344
0.908958	11.7636
1.02659	11.9181
1.14578	11.8565
1.26434	11.5483
1.37982	10.9827
1.48965	10.1747
1.5914	9.16751
1.68307	8.02762
1.76335	6.8338
1.83169	5.66295
1.88832	4.5777
1.93409	3.6192
1.97028	2.80633
1.99835	2.13959
2.01974	1.60724
2.03582	1.1911
2.04773	0.871103
2.05644	0.628098
2.06272	0.445287
2.06717	0.308714
2.07026	0.207203
2.07233	0.132032
2.07365	0.0765095
2.07442	0.0355743
2.07477	0.00542942
2.07483	-0.0167537
2.07466	-0.0330724
2.07433	-0.0450768
2.07388	-0.0539095
2.07334	-0.060412
2.07273	-0.0652028
2.07208	-0.0687363
2.07139	-0.0713463
2.07068	-0.0732781
2.06995	-0.0747114
2.0692	-0.0757786
2.06844	-0.0765767
2.06768	-0.0771768
2.06691	-0.0776315
2.06613	-0.0779791
2.06535	-0.078248
2.06457	-0.0784589
2.06378	-0.0786272
2.063	-0.0787641
2.06221	-0.0788779
2.06142	-0.0789746
2.06063	-0.0790589
2.05984	-0.0791339
2.05905	-0.0792022
2.05826	-0.0792655
2.05746	-0.0793251
2.05667	-0.0793821
2.05588	-0.0794372
2.05508	-0.0794908
2.05429	-0.0795434
2.05349	-0.0795953
2.0527	-0.0796466
2.0519	-0.0796977
2.0511	-0.0797484
2.05031	-0.0797991
2.04951	-0.0798496
2.04871	-0.0799001
2.04791	-0.0799506
2.04711	-0.0800012
2.04631	-0.0800517
2.04551	-0.0801024
2.04471	-0.0801531
2.04391	-0.0802039
2.04311	-0.0802548
2.0423	-0.0803057
2.0415	-0.0803568
2.0407	-0.080408
2.03989	-0.0804592
2.03909	-0.0805106
2.03828	-0.0805621
2.03748	-0.0806136
2.03667	-0.0806653
2.03586	-0.0807171
2.03506	-0.080769
2.03425	-0.080821
2.03344	-0.0808731
2.03263	-0.0809253
2.03182	-0.0809776
2.03101	-0.08103
2.0302	-0.0810826
2.02939	-0.0811352
2.02858	-0.081188
2.02777	-0.0812408
2.02696	-0.0812938
2.02614	-0.0813469
2.02533	-0.0814001
2.02452	-0.0814534
2.0237	-0.0815068
2.02289	-0.0815603
2.02207	-0.081614
2.02125	-0.0816678
2.02044	-0.0817216
2.01962	-0.0817756
2.0188	-0.0818297
2.01798	-0.0818839
2.01717	-0.0819383
2.01635	-0.0819927
2.01553	-0.0820473
2.01471	-0.082102
2.01388	-0.0821568
2.01306	-0.0822117
2.01224	-0.0822667
2.01142	-0.0823219
2.0106	-0.0823772
2.00977	-0.0824326
2.00895	-0.0824881
2.00812	-0.0825437
2.0073	-0.0825995
2.00647	-0.0826553
2.00564	-0.0827113
2.00482	-0.0827675
2.00399	-0.0828237
2.00316	-0.0828801
2.00233	-0.0829366
2.0015	-0.0829932
2.00067	-0.0830499
1.99984	-0.0831068
1.99901	-0.0831638
1.99818	-0.0832209
1.99735	-0.0832781
1.99651	-0.0833355
1.99568	-0.083393
1.99485	-0.0834506
1.99401	-0.0835083
1.99318	-0.0835662
1.99234	-0.0836242
1.99151	-0.0836824
1.99067	-0.0837406
1.98983	-0.083799
1.98899	-0.0838575
1.98816	-0.0839162
1.98732	-0.083975
1.98648	-0.0840339
1.98564	-0.084093
1.9848	-0.0841522
1.98395	-0.0842115
1.98311	-0.0842709
1.98227	-0.0843305
1.98143	-0.0843903
1.98058	-0.0844501
1.97974	-0.0845101
1.97889	-0.0845703
1.97805	-0.0846305
1.9772	-0.084691
1.97635	-0.0847515
1.97551	-0.0848122
1.97466	-0.084873
1.97381	-0.084934
1.97296	-0.0849951
1.97211	-0.0850564
1.97126	-0.0851178
1.97041	-0.0851793
1.96956	-0.085241
1.9687	-0.0853028
1.96785	-0.0853648
1.967	-0.0854269
1.96614	-0.0854892
1.96529	-0.0855516
1.96443	-0.0856141
1.96358	-0.0856768
1.96272	-0.0857397
1.96186	-0.0858027
1.961	-0.0858658
1.96015	-0.0859291
1.95929	-0.0859926
1.95843	-0.0860562
1.95757	-0.0861199
1.9567	-0.0861838
1.95584	-0.0862479
1.95498	-0.0863121
1.95412	-0.0863764
1.95325	-0.0864409
1.95239	-0.0865056
1.95152	-0.0865704
1.95066	-0.0866354
1.94979	-0.0867005
1.94892	-0.0867658
1.94806	-0.0868313
1.94719	-0.0868969
1.94632	-0.0869627
1.94545	-0.0870286
1.94458	-0.0870947
1.94371	-0.0871609
1.94284	-0.0872274
1.94196	-0.0872939
1.94109	-0.0873607
1.94022	-0.0874276
1.93934	-0.0874947
1.93847	-0.0875619
1.93759	-0.0876293
1.93672	-0.0876969
1.93584	-0.0877646
1.93496	-0.0878325
1.93408	-0.0879006
1.93321	-0.0879688
1.93233	-0.0880372
1.93145	-0.0881058
1.93056	-0.0881746
1.92968	-0.0882435
1.9288	-0.0883126
1.92792	-0.0883819
1.92703	-0.0884513
1.92615	-0.088521
1.92526	-0.0885908
1.92438	-0.0886607
1.92349	-0.0887309
1.9226	-0.0888012
1.92172	-0.0888717
1.92083	-0.0889424
1.91994	-0.0890133
1.91905	-0.0890844
1.91816	-0.0891556
1.91726	-0.089227
1.91637	-0.0892987
1.91548	-0.0893704
1.91459	-0.0894424
1.91369	-0.0895146
1.9128	-0.0895869
1.9119	-0.0896595
1.911	-0.0897322
1.91011	-0.0898051
1.90921	-0.0898782
1.90831	-0.0899515
1.90741	-0.090025
1.90651	-0.0900987
1.90561	-0.0901726
1.90471	-0.0902467
1.9038	-0.0903209
1.9029	-0.0903954
1.902	-0.0904701
1.90109	-0.0905449
1.90019	-0.09062
1.89928	-0.0906952
1.89837	-0.0907707
1.89747	-0.0908464
1.89656	-0.0909222
1.89565	-0.0909983
1.89474	-0.0910746
1.89383	-0.0911511
1.89292	-0.0912277
1.892	-0.0913046
1.89109	-0.0913817
1.89018	-0.0914591
1.88926	-0.0915366
1.88835	-0.0916143
1.88743	-0.0916923
1.88651	-0.0917704
1.8856	-0.0918488
1.88468	-0.0919274
1.88376	-0.0920062
1.88284	-0.0920852
1.88192	-0.0921644
1.881	-0.0922439
1.88007	-0.0923236
1.87915	-0.0924035
1.87823	-0.0924836
1.8773	-0.0925639
1.87638	-0.0926445
1.87545	-0.0927253
1.87452	-0.0928063
1.87359	-0.0928876
1.87267	-0.092969
1.87174	-0.0930507
1.87081	-0.0931327
1.86987	-0.0932149
1.86894	-0.0932973
1.86801	-0.0933799
1.86708	-0.0934628
1.86614	-0.0935459
1.8652	-0.0936292
1.86427	-0.0937128
1.86333	-0.0937966
1.86239	-0.0938807
1.86145	-0.093965
1.86052	-0.0940495
1.85957	-0.0941343
1.85863	-0.0942194
1.85769	-0.0943047
1.85675	-0.0943902
1.8558	-0.094476
1.85486	-0.094562
1.85391	-0.0946483
1.85297	-0.0947348
1.85202	-0.0948216
1.85107	-0.0949087
1.85012	-0.094996
1.84917	-0.0950835
1.84822	-0.0951713
1.84727	-0.0952594
1.84632	-0.0953478
1.84536	-0.0954364
1.84441	-0.0955252
1.84345	-0.0956144
1.8425	-0.0957038
1.84154	-0.0957934
1.84058	-0.0958834
1.83962	-0.0959736
1.83866	-0.0960641
1.8377	-0.0961548
1.83674	-0.0962459
1.83578	-0.0963372
1.83482	-0.0964288
1.83385	-0.0965206
1.83289	-0.0966128
1.83192	-0.0967052
1.83095	-0.0967979
1.82999	-0.0968909
1.82902	-0.0969842
1.82805	-0.0970778
1.82708	-0.0971717
1.8261	-0.0972658
1.82513	-0.0973603
1.82416	-0.097455
1.82318	-0.09755
1.82221	-0.0976454
1.82123	-0.097741
1.82025	-0.097837
1.81928	-0.0979332
1.8183	-0.0980297
1.81732	-0.0981266
1.81634	-0.0982237
1.81535	-0.0983212
1.81437	-0.098419
1.81339	-0.0985171
1.8124	-0.0986154
1.81141	-0.0987142
1.81043	-0.0988132
1.80944	-0.0989125
1.80845	-0.0990122
1.80746	-0.0991122
1.80647	-0.0992125
1.80548	-0.0993132
1.80448	-0.0994141
1.80349	-0.0995154
1.80249	-0.099617
1.8015	-0.099719
1.8005	-0.0998213
1.7995	-0.0999239
1.7985	-0.100027
1.7975	-0.10013
1.7965	-0.100234
1.7955	-0.100338
1.7945	-0.100442
1.79349	-0.100547
1.79249	-0.100652
1.79148	-0.100757
1.79047	-0.100863
1.78946	-0.100969
1.78845	-0.101076
1.78744	-0.101182
1.78643	-0.10129
1.78542	-0.101397
1.7844	-0.101505
1.78339	-0.101613
1.78237	-0.101722
1.78136	-0.101831
1.78034	-0.10194
1.77932	-0.10205
1.7783	-0.10216
1.77728	-0.102271
1.77625	-0.102382
1.77523	-0.102493
1.7742	-0.102605
1.77318	-0.102717
1.77215	-0.102829
1.77112	-0.102942
1.77009	-0.103055
1.76906	-0.103169
1.76803	-0.103283
1.767	-0.103398
1.76596	-0.103512
1.76493	-0.103628
1.76389	-0.103743
1.76286	-0.103859
1.76182	-0.103976
1.76078	-0.104093
1.75974	-0.10421
1.75869	-0.104328
1.75765	-0.104446
1.75661	-0.104565
1.75556	-0.104684
1.75451	-0.104803
1.75347	-0.104923
1.75242	-0.105044
1.75137	-0.105165
1.75031	-0.105286
1.74926	-0.105408
1.74821	-0.10553
1.74715	-0.105652
1.7461	-0.105775
1.74504	-0.105899
1.74398	-0.106023
1.74292	-0.106147
1.74186	-0.106272
1.74079	-0.106398
1.73973	-0.106523
1.73867	-0.10665
1.7376	-0.106777
1.73653	-0.106904
1.73546	-0.107032
1.73439	-0.10716
1.73332	-0.107289
1.73225	-0.107418
1.73117	-0.107548
1.7301	-0.107678
1.72902	-0.107809
1.72794	-0.10794
1.72686	-0.108072
1.72578	-0.108204
1.7247	-0.108337
1.72362	-0.10847
1.72253	-0.108604
1.72145	-0.108738
1.72036	-0.108873
1.71927	-0.109009
1.71818	-0.109145
1.71709	-0.109281
1.716	-0.109418
1.7149	-0.109556
1.71381	-0.109694
1.71271	-0.109833
1.71161	-0.109972
1.71051	-0.110112
1.70941	-0.110252
1.70831	-0.110393
1.7072	-0.110535
1.7061	-0.110677
1.70499	-0.11082
1.70388	-0.110963
1.70277	-0.111107
1.70166	-0.111251
1.70055	-0.111396
1.69944	-0.111542
1.69832	-0.111688
1.6972	-0.111835
1.69609	-0.111983
1.69497	-0.112131
1.69384	-0.11228
1.69272	-0.112429
1.6916	-0.112579
1.69047	-0.11273
1.68934	-0.112881
1.68822	-0.113033
1.68709	-0.113186
1.68595	-0.113339
1.68482	-0.113493
1.68369	-0.113647
1.68255	-0.113803
1.68141	-0.113959
1.68027	-0.114115
1.67913	-0.114273
1.67799	-0.114431
1.67684	-0.114589
1.6757	-0.114749
1.67455	-0.114909
1.6734	-0.11507
1.67225	-0.115231
1.6711	-0.115393
1.66994	-0.115556
1.66879	-0.11572
1.66763	-0.115884
1.66647	-0.11605
1.66531	-0.116215
1.66415	-0.116382
1.66299	-0.11655
1.66182	-0.116718
1.66065	-0.116887
1.65948	-0.117056
1.65831	-0.117227
1.65714	-0.117398
1.65597	-0.11757
1.65479	-0.117743
1.65361	-0.117917
1.65243	-0.118092
1.65125	-0.118267
1.65007	-0.118443
1.64889	-0.11862
1.6477	-0.118798
1.64651	-0.118977
1.64532	-0.119156
1.64413	-0.119337
1.64294	-0.119518
1.64174	-0.1197
1.64055	-0.119883
1.63935	-0.120067
1.63815	-0.120252
1.63694	-0.120438
1.63574	-0.120624
1.63453	-0.120812
1.63333	-0.121
1.63212	-0.12119
1.6309	-0.12138
1.62969	-0.121571
1.62847	-0.121763
1.62726	-0.121957
1.62604	-0.122151
1.62481	-0.122346
1.62359	-0.122542
1.62237	-0.122739
1.62114	-0.122937
1.61991	-0.123136
1.61868	-0.123337
1.61744	-0.123538
1.61621	-0.12374
1.61497	-0.123943
1.61373	-0.124148
1.61249	-0.124353
1.61125	-0.124559
1.61	-0.124767
1.60875	-0.124976
1.6075	-0.125185
1.60625	-0.125396
1.605	-0.125608
1.60374	-0.125821
1.60248	-0.126036
1.60122	-0.126251
1.59996	-0.126467
1.5987	-0.126685
1.59743	-0.126904
1.59616	-0.127124
1.59489	-0.127346
1.59362	-0.127568
1.59234	-0.127792
1.59106	-0.128017
1.58978	-0.128243
1.5885	-0.12847
1.58722	-0.128699
1.58593	-0.128929
1.58464	-0.129161
1.58335	-0.129393
1.58205	-0.129627
1.58076	-0.129862
1.57946	-0.130099
1.57816	-0.130337
1.57685	-0.130576
1.57555	-0.130817
1.57424	-0.131059
1.57293	-0.131303
1.57162	-0.131548
1.5703	-0.131794
1.56898	-0.132042
1.56766	-0.132291
1.56634	-0.132542
1.56501	-0.132794
1.56369	-0.133048
1.56236	-0.133303
1.56102	-0.13356
1.55969	-0.133818
1.55835	-0.134078
1.55701	-0.13434
1.55566	-0.134603
1.55432	-0.134868
1.55297	-0.135134
1.55162	-0.135402
1.55026	-0.135672
1.54891	-0.135943
1.54755	-0.136216
1.54619	-0.136491
1.54482	-0.136768
1.54345	-0.137046
1.54208	-0.137326
1.54071	-0.137608
1.53933	-0.137891
1.53796	-0.138177
1.53657	-0.138464
1.53519	-0.138753
1.5338	-0.139044
1.53241	-0.139337
1.53102	-0.139632
1.52962	-0.139929
1.52822	-0.140227
1.52682	-0.140528
1.52541	-0.140831
1.52401	-0.141136
1.52259	-0.141443
1.52118	-0.141751
1.51976	-0.142062
1.51834	-0.142376
1.51692	-0.142691
1.51549	-0.143008
1.51406	-0.143328
1.51263	-0.14365
1.51119	-0.143974
1.50975	-0.1443
1.50831	-0.144629
1.50686	-0.14496
1.50541	-0.145293
1.50396	-0.145629
1.5025	-0.145967
1.50104	-0.146308
1.49958	-0.146651
1.49811	-0.146996
1.49664	-0.147344
1.49517	-0.147695
1.49369	-0.148048
1.49221	-0.148404
1.49073	-0.148762
1.48924	-0.149123
1.48775	-0.149487
1.48626	-0.149853
1.48476	-0.150223
1.48326	-0.150595
1.48175	-0.15097
1.48024	-0.151347
1.47873	-0.151728
1.47721	-0.152112
1.47569	-0.152498
1.47416	-0.152888
1.47263	-0.153281
1.4711	-0.153676
1.46956	-0.154075
1.46802	-0.154478
1.46648	-0.154883
1.46493	-0.155292
1.46338	-0.155703
1.46182	-0.156119
1.46026	-0.156537
1.45869	-0.15696
1.45712	-0.157385
1.45555	-0.157814
1.45397	-0.158247
1.45239	-0.158683
1.4508	-0.159123
1.44921	-0.159567
1.44762	-0.160014
1.44602	-0.160466
1.44441	-0.160921
1.4428	-0.16138
1.44119	-0.161843
1.43957	-0.16231
1.43795	-0.162782
1.43632	-0.163257
1.43469	-0.163737
1.43305	-0.164221
1.43141	-0.164709
1.42976	-0.165202
1.42811	-0.165699
1.42645	-0.166201
1.42479	-0.166707
1.42312	-0.167218
1.42145	-0.167733
1.41977	-0.168254
1.41809	-0.168779
1.4164	-0.16931
1.41471	-0.169845
1.41301	-0.170386
1.41131	-0.170931
1.4096	-0.171482
1.40788	-0.172038
1.40616	-0.1726
1.40444	-0.173167
1.4027	-0.17374
1.40097	-0.174318
1.39922	-0.174903
1.39747	-0.175493
1.39572	-0.176089
1.39396	-0.176691
1.39219	-0.177299
1.39042	-0.177914
1.38864	-0.178535
1.38685	-0.179162
1.38506	-0.179796
1.38326	-0.180437
1.38146	-0.181084
1.37965	-0.181739
1.37783	-0.1824
1.37601	-0.183069
1.37418	-0.183745
1.37234	-0.184428
1.3705	-0.185119
1.36864	-0.185817
1.36679	-0.186523
1.36492	-0.187237
1.36305	-0.18796
1.36117	-0.18869
1.35928	-0.189429
1.35739	-0.190176
1.35549	-0.190932
1.35358	-0.191697
1.35166	-0.192471
1.34973	-0.193254
1.3478	-0.194046
1.34586	-0.194848
1.34391	-0.195659
1.34196	-0.196481
1.33999	-0.197312
1.33802	-0.198154
1.33604	-0.199006
1.33405	-0.199869
1.33205	-0.200743
1.33004	-0.201628
1.32802	-0.202524
1.326	-0.203431
1.32397	-0.204351
1.32192	-0.205282
1.31987	-0.206226
1.31781	-0.207182
1.31573	-0.208151
1.31365	-0.209133
1.31156	-0.210129
1.30946	-0.211138
1.30735	-0.21216
1.30523	-0.213197
1.3031	-0.214249
1.30095	-0.215315
1.2988	-0.216397
1.29664	-0.217494
1.29446	-0.218606
1.29228	-0.219735
1.29008	-0.22088
1.28787	-0.222043
1.28565	-0.223222
1.28342	-0.22442
1.28117	-0.225635
1.27892	-0.226869
1.27665	-0.228122
1.27437	-0.229394
1.27207	-0.230686
1.26977	-0.231999
1.26745	-0.233332
1.26511	-0.234687
1.26276	-0.236063
1.2604	-0.237462
1.25803	-0.238885
1.25564	-0.24033
1.25324	-0.2418
1.25082	-0.243295
1.24839	-0.244815
1.24594	-0.246361
1.24347	-0.247934
1.241	-0.249534
1.2385	-0.251163
1.23599	-0.252821
1.23346	-0.254508
1.23092	-0.256226
1.22835	-0.257976
1.22577	-0.259757
1.22318	-0.261573
1.22056	-0.263422
1.21793	-0.265306
1.21527	-0.267227
1.2126	-0.269184
1.20991	-0.271181
1.2072	-0.273216
1.20446	-0.275292
1.20171	-0.27741
1.19894	-0.279571
1.19614	-0.281777
1.19332	-0.284028
1.19048	-0.286326
1.18762	-0.288674
1.18473	-0.291071
1.18182	-0.293521
1.17889	-0.296023
1.17593	-0.298582
1.17294	-0.301197
1.16993	-0.303871
1.16689	-0.306607
1.16382	-0.309405
1.16073	-0.312269
1.15761	-0.315201
1.15446	-0.318202
1.15127	-0.321275
1.14806	-0.324424
1.14482	-0.32765
1.14154	-0.330956
1.13823	-0.334346
1.13489	-0.337823
1.13151	-0.341389
1.1281	-0.345049
1.12465	-0.348805
1.12116	-0.352661
1.11763	-0.356622
1.11406	-0.360692
1.11046	-0.364874
1.10681	-0.369174
1.10312	-0.373597
1.09938	-0.378146
1.0956	-0.382828
1.09177	-0.387649
1.08789	-0.392613
1.08397	-0.397728
1.07999	-0.403
1.07596	-0.408436
1.07188	-0.414043
1.06774	-0.419829
1.06354	-0.425802
1.05928	-0.431971
1.05496	-0.438345
1.05058	-0.444934
1.04613	-0.451749
1.04161	-0.458799
1.03702	-0.466097
1.03236	-0.473655
1.02762	-0.481487
1.02281	-0.489605
1.01791	-0.498026
1.01293	-0.506765
1.00787	-0.515839
1.00271	-0.525266
0.997455	-0.535065
0.992104	-0.545257
0.986651	-0.555864
0.981093	-0.56691
0.975424	-0.57842
0.96964	-0.590421
0.963735	-0.602942
0.957706	-0.616014
0.951546	-0.629672
0.945249	-0.64395
0.93881	-0.65889
0.932221	-0.674531
0.925475	-0.690921
0.918566	-0.708107
0.911485	-0.726143
0.904224	-0.745087
0.896773	-0.765
0.889123	-0.785951
0.881263	-0.808012
0.873183	-0.831264
0.86487	-0.855793
0.856313	-0.881694
0.847496	-0.909071
0.838405	-0.938037
0.829025	-0.968714
0.819337	-1.00124
0.809325	-1.03576
0.798967	-1.07244
0.788243	-1.11146
0.777128	-1.15301
0.765598	-1.19732
0.753625	-1.24461
0.741179	-1.29517
0.728227	-1.34927
0.714735	-1.40725
0.700662	-1.46947
0.685967	-1.53632
0.670604	-1.60826
0.654522	-1.68576
0.637664	-1.76939
0.61997	-1.85977
0.601372	-1.95756
0.581797	-2.06354
0.561161	-2.17857
0.539376	-2.30358
0.51634	-2.43965
0.491943	-2.58795
0.466064	-2.7498
0.438566	-2.92666
0.409299	-3.12014
0.378098	-3.33203
0.344778	-3.56427
0.309135	-3.81896
0.270945	-4.09837
0.229962	-4.40488
0.185913	-4.74094
0.138503	-5.10896
0.0874138	-5.51122
0.0323015	-5.94963
-0.0271948	-6.42542
-0.091449	-6.93881
-0.160837	-7.48835
-0.235721	-8.07032
-0.316424	-8.67771
-0.403201	-9.29926
-0.496193	-9.91822
-0.595376	-10.5114
-0.700489	-11.0482
-0.810972	-11.4914
-0.925886	-11.798
-1.04387	-11.9235
-1.1631	-11.8275
-1.28137	-11.482
-1.3962	-10.8796
-1.50499	-10.0393
-1.60538	-9.0083
-1.69547	-7.85557
-1.77402	-6.66053
-1.84063	-5.49869
-1.89562	-4.42985
-1.93991	-3.49184
-1.97483	-2.70053
-2.00184	-2.05427
-2.02238	-1.54002
-2.03778	-1.1391
-2.04917	-0.831435
-2.05749	-0.598156
-2.06347	-0.422862
-2.0677	-0.292016
-2.07062	-0.194822
-2.07256	-0.122879
-2.07379	-0.0697571
-2.07449	-0.0305998
-2.0748	-0.00176798
-2.07481	0.0194474
-2.07462	0.0350539
-2.07427	0.0465345
-2.0738	0.0549824
-2.07325	0.0612022
-2.07264	0.0657853
-2.07198	0.0691663
-2.07129	0.0716643
-2.07058	0.0735137
-2.06984	0.0748866
-2.06909	0.0759094
-2.06833	0.0766748
-2.06757	0.0772509
-2.06679	0.0776879
-2.06602	0.0780225
-2.06524	0.0782818
-2.06445	0.0784857
-2.06367	0.0786488
-2.06288	0.0787819
-2.06209	0.0788929
-2.06131	0.0789876
-2.06052	0.0790703
-2.05972	0.0791442
-2.05893	0.0792117
-2.05814	0.0792744
